0.234842
0.209745
0.093686
0.238992
0.175076
0.175439
0.111336
0.638696
0.206122
0.251566
0.369987
0.286120
0.079290
0.370612
0.105802
0.188113
0.137891
0.171713
0.406465
0.180055
0.213393
0.314239
0.385111
0.135994
0.236087
0.198027
0.355369
0.139517
0.163345
0.272528
0.403845
0.257233
0.220344
0.253208
0.255663
0.204231
0.214744
0.227207
0.605079
0.094430
0.136672
0.160279
0.450841
0.181833
0.270758
0.446354
0.344259
0.421191
0.133783
0.170615
0.260064
0.114878
0.240863
0.382060
0.298191
0.260632
0.309380
0.326643
0.247865
0.205715
0.301888
0.177182
0.203040
0.084464
0.191531
0.581800
0.109820
0.126556
0.133347
0.378034
0.378066
0.267840
0.069889
0.228796
0.206209
0.268037
0.289953
0.137476
0.253190
0.225727
0.176924
0.320625
0.191157
0.230755
0.136746
0.279969
0.252062
0.242874
0.192413
0.168540
0.564843
0.124397
0.499182
0.112267
0.620988
0.202895
0.369266
0.417358
0.325901
0.352818
0.265880
0.390314
0.235159
0.166848
0.241209
0.187937
0.199649
0.165216
0.188608
0.185487
0.246383
0.096420
0.191346
0.276069
0.372879
0.224898
0.139692
0.249941
0.179843
0.313425
0.489065
0.162036
0.205724
0.137941
0.188471
0.214837
0.398066
0.353848
0.280968
0.197713
0.296549
0.279816
0.162519
0.254207
0.186511
0.307342
0.243088
0.062021
0.164405
0.334104
0.208229
0.116148
0.504906
0.416590
0.227602
0.305476
0.248663
0.287210
0.181896
0.692255
0.223589
0.292528
0.140693
0.268108
0.203682
0.434567
0.131007
0.180800
0.300821
0.413326
0.663102
0.126673
0.194160
0.307582
0.438831
0.341601
0.083220
0.218897
0.296233
0.165098
0.315207
0.405968
0.091450
0.241275
0.221012
0.130129
0.157850
0.264921
0.146829
0.322076
0.337712
0.138082
0.139911
0.515523
0.130346
0.156577
0.264747
0.171261
0.186346
0.209758
0.209486
0.202196
0.057222
0.075456
0.325548
0.185622
0.207072
0.649202
0.211381
0.300740
0.291940
0.130041
0.170091
0.295802
0.288580
0.235596
0.346660
0.266325
0.313623
0.205908
0.278163
0.099751
0.567163
0.242950
0.291218
0.411157
0.162247
0.154165
0.252407
0.505035
0.122164
0.290696
0.202642
0.219277
0.304044
0.065713
0.269133
0.531540
0.274445
0.326848
0.359459
0.303876
0.308787
0.114624
0.239972
0.290204
0.130491
0.139088
0.174803
0.131396
0.096571
0.503503
0.317028
0.351302
0.236609
0.329356
0.184899
0.221901
0.264852
0.122605
0.271706
0.201373
0.392412
0.245371
0.214999
0.428196
0.289139
0.131500
0.173014
0.322194
0.147707
0.231119
0.341540
0.221135
0.571489
0.344881
0.308348
0.266391
0.255551
0.256068
0.163877
0.174786
0.165948
0.360976
0.167495
0.266941
0.190222
0.279661
0.239633
0.257489
0.254036
0.175718
0.369745
0.464150
0.337222
0.109858
0.153180
0.328852
0.088185
0.434389
0.148156
0.320768
0.138472
0.261099
0.203820
0.219101
0.308994
0.596753
0.565449
0.247180
0.194192
0.224272
0.531465
0.401677
0.255569
0.223267
0.419657
0.264524
0.450377
0.158593
0.093074
0.369102
0.318408
0.376516
0.075271
0.296131
0.195082
0.302218
0.192506
0.387482
0.221273
0.289519
0.613695
0.128228
0.084444
0.268583
0.301889
0.197375
0.130064
0.098105
0.425585
0.252325
0.149643
0.304009
0.264972
0.106729
0.111128
0.229676
0.209794
0.268602
0.298033
0.180090
0.264790
0.200750
0.170853
0.119983
0.284795
0.243254
0.396177
0.422377
0.206633
0.355025
0.334411
0.201817
0.432080
0.351257
0.205657
0.174282
0.113616
0.213631
0.623733
0.202171
0.191034
0.284042
0.366311
0.245140
0.176332
0.252278
0.250018
0.258204
0.282056
0.154913
0.249054
0.189529
0.236784
0.293596
0.262449
0.523359
0.251234
0.192504
0.239608
0.328109
0.376345
0.454722
0.242187
0.171136
0.169054
0.145159
0.122479
0.200777
0.330921
0.249991
0.254287
0.455094
0.117088
0.224066
0.175556
0.307940
0.208229
0.279448
0.552822
0.420976
0.108179
0.208447
0.258896
0.090769
0.235519
0.168491
0.195921
0.271750
0.148549
0.292797
0.170920
0.157206
0.235984
0.271320
0.336761
0.237563
0.362147
0.223473
0.158135
0.116197
0.269827
0.183914
0.467438
0.153355
0.185663
0.114543
0.195417
0.204269
0.387195
0.218496
0.237938
0.373421
0.301632
0.099960
0.329281
0.216650
0.229613
0.270893
0.097852
0.177978
0.151945
0.253134
0.251019
0.354276
0.154067
0.184446
0.101053
0.380639
0.224906
0.254507
0.216132
0.188332
0.367129
0.275595
0.407967
0.096990
0.436818
0.210109
0.249238
0.127568
0.178412
0.506907
0.137582
0.437765
0.253888
0.061456
0.200743
0.585668
0.265784
0.229196
0.103441
0.328020
0.105375
0.177348
0.131556
0.156891
0.144458
0.189793
0.363780
0.282098
0.323108
0.422060
0.202851
0.211567
0.363364
0.192590
0.161322
0.444395
0.184079
0.111298
0.296292
0.197993
0.304441
0.246941
0.475941
0.237032
0.258437
0.358203
0.294884
0.169921
0.370144
0.186536
0.215677
0.113260
0.270867
0.079579
0.318800
0.130914
0.325999
0.131259
0.248107
0.145872
0.234300
0.137685
0.322037
0.175822
0.198853
0.147348
0.143681
0.281206
0.172323
0.298779
0.316690
0.191923
0.060405
0.317560
0.123602
0.250869
0.191238
0.143394
0.074258
0.294489
0.219571
0.291949
0.167864
0.531955
0.133979
0.249042
0.351893
0.537055
0.148414
0.127452
0.329793
0.167134
0.234967
0.360539
0.304280
0.189482
0.194616
0.308420
0.172168
0.124808
0.409132
0.303794
0.368975
0.265327
0.159799
0.386063
0.305351
0.201388
0.223311
0.257653
0.293074
0.209467
0.246433
0.069538
0.251249
0.221551
0.207954
0.400690
0.119259
0.134929
0.192825
0.206114
0.402812
0.095879
0.473177
0.410906
0.317215
0.145354
0.256758
0.169585
0.371820
0.336604
0.115482
0.243417
0.265083
0.214656
0.183547
0.246980
0.261205
0.328154
0.396008
0.133671
0.383595
0.203092
0.228561
0.214893
0.261164
0.271312
0.337711
0.175455
0.433473
0.261741
0.290415
0.247756
0.266193
0.169261
0.192199
0.172640
0.282243
0.261253
0.198213
0.332952
0.213781
0.402972
0.322573
0.194483
0.226277
0.089428
0.325977
0.274274
0.304234
0.196804
0.222421
0.467049
0.191963
0.149292
0.159334
0.303678
0.231530
0.199512
0.177228
0.275066
0.430716
0.233377
0.356141
0.113240
0.190955
0.319910
0.207610
0.147535
0.456465
0.092411
0.132132
0.133470
0.367819
0.275142
0.144315
0.349628
0.154765
0.189739
0.283861
0.376903
0.224235
0.439547
0.191965
0.218068
0.095080
0.331192
0.336997
0.354533
0.221890
0.267879
0.392718
0.173658
0.180838
0.148606
0.483849
0.175177
0.196414
0.264045
0.197579
0.337605
0.196149
0.210881
0.163179
0.141193
0.128336
0.148416
0.444786
0.237959
0.200408
0.112462
0.220909
0.184625
0.370869
0.209067
0.331724
0.507823
0.169563
0.362960
0.236816
0.213957
0.207159
0.136152
0.116336
0.164962
0.101974
0.102607
0.122538
0.374355
0.112010
0.180240
0.517368
0.473263
0.230118
0.463210
0.113934
0.253033
0.147000
0.307351
0.092860
0.378570
0.259780
0.286567
0.277583
0.210419
0.420409
0.352540
0.302083
0.099982
0.132949
0.270666
0.229039
0.385863
0.280061
0.399205
0.249003
0.188755
0.186717
0.146616
0.206932
0.521552
0.294788
0.196609
0.142705
0.045748
0.439904
0.118762
0.363247
0.148422
0.302524
0.444428
0.359253
0.338232
0.202917
0.094150
0.154333
0.483460
0.347252
0.204936
0.185918
0.213298
0.154089
0.215949
0.355623
0.299271
0.666077
0.137539
0.275856
0.085798
0.379974
0.153038
0.222238
0.397091
0.298602
0.156290
0.234925
0.119738
0.249246
0.185039
0.522001
0.140452
0.162000
0.214590
0.096174
0.329878
0.129539
0.472491
0.220672
0.188637
0.190661
0.208528
0.312433
0.169114
0.232989
0.148552
0.304306
0.194741
0.178930
0.273809
0.296600
0.501936
0.344913
0.524408
0.182534
0.121889
0.289597
0.205369
0.257625
0.477937
0.280890
0.195894
0.334371
0.275405
0.414278
0.154244
0.371737
0.210703
0.129458
0.145199
0.196944
0.200394
0.261912
0.339644
0.616224
0.415897
0.303237
0.245530
0.197570
0.435811
0.261674
0.263556
0.478937
0.190872
0.367851
0.198736
0.261568
0.199306
0.189568
0.241453
0.054433
0.158705
0.210792
0.214340
0.066252
0.267157
0.333058
0.248085
0.354802
0.331454
0.183529
0.206637
0.149389
0.446945
0.128889
0.249297
0.231154
0.199614
0.360248
0.265179
0.101506
0.336259
0.114559
0.367827
0.328355
0.171141
0.421090
0.481416
0.278932
0.260839
0.173659
0.218253
0.518054
0.135137
0.204448
0.278012
0.117704
0.063549
0.211597
0.270260
0.233047
0.098489
0.168071
0.127945
0.442951
0.227984
0.100810
0.451227
0.235141
0.152344
0.199454
0.195287
0.257051
0.306565
0.173299
0.142140
0.421291
0.031445
0.248620
0.250502
0.142506
0.297656
0.231978
0.268841
0.409788
0.244781
0.232863
0.359913
0.283798
0.298150
0.195942
0.333373
0.200516
0.264296
0.307456
0.170156
0.133720
0.376739
0.221217
0.396307
0.312157
0.213099
0.247569
0.241524
0.169674
0.263056
0.207391
0.121386
0.080242
0.200373
0.449762
0.028112
0.723057
0.169092
0.324797
0.289768
0.273730
0.214259
0.228986
0.105912
0.404266
0.304675
0.173594
0.272557
0.073459
0.393711
0.195494
0.171599
0.252066
0.335104
0.173460
0.181481
0.178865
0.103180
0.104137
0.167936
0.450298
0.212655
0.203205
0.311974
0.169178
0.247438
0.295098
0.330621
0.160683
0.387186
0.167213
0.317185
0.247307
0.110221
0.430457
0.384342
0.174613
0.362552
0.188701
0.237254
0.386854
0.190788
0.269278
0.176114
0.205204
0.058155
0.338992
0.138329
0.116813
0.252612
0.276093
0.351371
0.353481
0.219108
0.173089
0.305614
0.115964
0.447808
0.305816
0.169424
0.305659
0.272307
0.152765
0.181116
0.533181
0.142778
0.552367
0.340728
0.282650
0.152560
0.114854
0.299988
0.097638
0.105151
0.185852
0.141222
0.168870
0.133548
0.303409
0.493219
0.245334
0.172620
0.196430
0.260193
0.111750
0.355077
0.330690
0.215739
0.143427
0.112565
0.525277
0.169463
0.145958
0.154822
0.316301
0.366299
0.249045
0.214952
0.452241
0.217887
0.148311
0.179281
0.094281
0.207651
0.420717
0.118014
0.298253
0.314334
0.301122
0.132155
0.177649
0.142277
0.196452
0.242117
0.341826
0.263901
0.146892
0.292016
0.238542
0.102411
0.213667
0.347878
0.230833
0.053596
0.283662
0.303193
0.116315
0.121422
0.298299
0.205010
0.236281
0.077929
0.244214
0.141519
0.394985
0.297754
0.189949
0.242132
0.280376
0.303175
0.428423
0.274268
0.124035
0.219701
0.307017
0.355779
0.312191
0.240656
0.260777
0.424325
0.135875
0.377012
0.151070
0.423667
0.117287
0.326538
0.266392
0.203848
0.108412
0.344568
0.179264
0.267995
0.178863
0.172174
0.091610
0.181489
0.321052
0.175685
0.229903
0.321739
0.186591
0.274930
0.233132
0.362669
0.138127
0.192588
0.222005
0.175019
0.230061
0.144494
0.235815
0.256223
0.343740
0.586677
0.230267
0.083858
0.235334
0.265446
0.268569
0.181028
0.194588
0.558938
0.218120
0.180339
0.064316
0.366585
0.258807
0.217768
0.192486
0.194306
0.276755
0.325181
0.206211
0.177467
0.414671
0.267193
0.662318
0.274526
0.111646
0.189352
0.484512
0.297594
0.266432
0.290094
0.386439
0.136107
0.225459
0.326935
0.477212
0.115090
0.406834
0.183647
0.251195
0.328236
0.228363
0.057111
0.178219
0.141758
0.275266
0.255801
0.239319
0.248297
0.222050
0.130664
0.232335
0.201177
0.153496
0.358539
0.316055
0.221162
0.210849
0.183405
0.380294
0.169458
0.445314
0.120977
0.218514
0.189371
0.400799
0.070775
0.337133
0.215426
0.219683
0.254060
0.332241
0.141223
0.301906
0.236096
0.251190
0.192120
0.233787
0.264183
0.300593
0.427871
0.305253
0.281114
0.232813
0.163418
0.159106
0.325087
0.207733
0.259933
0.435518
0.235026
0.158852
0.125310
0.366684
0.230533
0.254780
0.130692
0.522673
0.126747
0.229202
0.485559
0.122431
0.150675
0.444141
0.528002
0.107237
0.412093
0.105555
0.216879
0.075798
0.105853
0.180388
0.579984
0.066278
0.088116
0.210735
0.160881
0.262448
0.435912
0.310606
0.248644
0.231342
0.188007
0.250921
0.257459
0.305236
0.202678
0.220239
0.314707
0.214748
0.184178
0.280634
0.192030
0.363855
0.222067
0.271684
0.376938
0.195103
0.108905
0.297824
0.271000
0.108169
0.230259
0.188219
0.266160
0.275068
0.207820
0.213225
0.408568
0.258231
0.071593
0.177150
0.265579
0.219321
0.391576
0.516200
0.127067
0.320991
0.228083
0.161501
0.487304
0.476431
0.226190
0.396754
0.165504
0.280755
0.263900
0.195274
0.243143
0.319738
0.338626
0.471481
0.218529
0.424259
0.218523
0.249680
0.222201
0.113809
0.268269
0.105184
0.311306
0.132343
0.268951
0.365947
0.138915
0.757788
0.282347
0.168277
0.130360
0.169764
0.231595
0.226959
0.251428
0.112847
0.071784
0.101967
0.275783
0.270306
0.376004
0.232571
0.174804
0.277328
0.382611
0.376187
0.261860
0.176335
0.200487
0.180325
0.298072
0.208957
0.269939
0.306488
0.106774
0.244792
0.171749
0.479541
0.266271
0.215889
0.206204
0.237937
0.278785
0.356677
0.118821
0.301727
0.371803
0.146604
0.384882
0.292910
0.234144
0.157647
0.541358
0.107290
0.224938
0.184398
0.190829
0.303856
0.189108
0.126217
0.308317
0.114760
0.291951
0.324093
0.381025
0.266705
0.430620
0.230616
0.093807
0.213612
0.228402
0.142455
0.195066
0.224776
0.296230
0.105828
0.291511
0.237848
0.208906
0.115899
0.190517
0.368793
0.190226
0.324561
0.214519
0.107345
0.142843
0.397833
0.262427
0.177872
0.295073
0.291449
0.381042
0.265525
0.279831
0.146352
0.164431
0.399436
0.040598
0.363724
0.489670
0.405372
0.203626
0.354410
0.129982
0.093503
0.206697
0.218410
0.211443
0.091985
0.134804
0.295435
0.194279
0.316140
0.335965
0.196421
0.121409
0.281620
0.053399
0.276134
0.458115
0.185332
0.325347
0.338337
0.301178
0.204627
0.398473
0.305900
0.106194
0.268395
0.144375
0.311676
0.306552
0.308785
0.323388
0.189693
0.101619
0.198139
0.306333
0.232575
0.283282
0.109965
0.169793
0.458162
0.149114
0.179705
0.279738
0.188924
0.121698
0.230434
0.170325
0.477448
0.293860
0.124071
0.252122
0.152762
0.375760
0.372433
0.583858
0.360736
0.184334
0.186993
0.137874
0.291114
0.249493
0.244833
0.267398
0.135758
0.410475
0.155446
0.239884
0.259737
0.272719
0.369965
0.337426
0.307113
0.367513
0.357584
0.182347
0.376156
0.167535
0.079097
0.221148
0.192918
0.210612
0.356669
0.173358
0.267257
0.413803
0.348404
0.357784
0.216689
0.286733
0.310819
0.271104
0.406663
0.160157
0.334745
0.071267
0.171764
0.269910
0.138581
0.222332
0.291307
0.320758
0.196464
0.205594
0.408506
0.222819
0.312370
0.200694
0.418371
0.347429
0.067521
0.221914
0.257837
0.099355
0.250518
0.253303
0.298781
0.222012
0.353637
0.185906
0.228197
0.136990
0.165519
0.302901
0.164967
0.171171
0.343087
0.212848
0.177989
0.436868
0.256922
0.163390
0.222581
0.330659
0.125560
0.169326
0.314374
0.186389
0.422077
0.197194
0.213789
0.410192
0.227592
0.222462
0.157582
0.137599
0.271834
0.249132
0.344574
0.203708
0.135739
0.166784
0.405079
0.307646
0.261215
0.528854
0.405120
0.554094
0.246882
0.308260
0.622098
0.202080
0.212103
0.195286
0.200000
0.244364
0.215346
0.247719
0.212593
0.317528
0.579525
0.289489
0.209179
0.265324
0.395470
0.268294
0.174679
0.377373
0.283961
0.323639
0.405087
0.397740
0.388465
0.328657
0.469946
0.206959
0.143343
0.088360
0.219608
0.205756
0.282227
0.401334
0.217747
0.287743
0.365654
0.199699
0.366715
0.304925
0.082715
0.107174
0.334625
0.160310
0.378104
0.268979
0.184925
0.295145
0.218724
0.107424
0.260348
0.194532
0.179327
0.262324
0.375805
0.151943
0.125334
0.164928
0.200217
0.077847
0.367557
0.287235
0.187144
0.283640
0.246701
0.220152
0.131133
0.273889
0.222877
0.060402
0.182412
0.191533
0.231051
0.144381
0.265602
0.231680
0.359595
0.263388
0.244531
0.342767
0.193955
0.407551
0.149452
0.319413
0.048424
0.442659
0.228180
0.238342
0.302612
0.284501
0.130345
0.132264
0.368125
0.093449
0.378400
0.302499
0.132107
0.133157
0.158022
0.232497
0.233776
0.141919
0.357061
0.208242
0.249903
0.273042
0.200745
0.241899
0.196024
0.295244
0.162087
0.183461
0.187842
0.181210
0.248079
0.199250
0.114553
0.374266
0.278926
0.248700
0.251843
0.142405
0.156712
0.194343
0.446825
0.274668
0.195898
0.204220
0.230483
0.329817
0.282077
0.160559
0.251432
0.203201
0.233142
0.166655
0.400651
0.213273
0.214519
0.135754
0.203881
0.109722
0.367455
0.269205
0.095212
0.156538
0.092295
0.232277
0.228115
0.231266
0.266322
0.207962
0.173838
0.249427
0.344232
0.237311
0.385127
0.089965
0.200713
0.227035
0.252354
0.096497
0.054602
0.410027
0.180951
0.407729
0.128465
0.192147
0.285424
0.412377
0.222219
0.311272
0.349748
0.509071
0.284326
0.275953
0.348259
0.343474
0.340496
0.274919
0.176797
0.207313
0.123624
0.318467
0.258877
0.267213
0.325169
0.330580
0.323915
0.405338
0.592135
0.070608
0.458894
0.415399
0.249806
0.285315
0.220497
0.183603
0.235062
0.206715
0.258450
0.317625
0.247709
0.383371
0.280426
0.190880
0.249515
0.632304
0.197778
0.172081
0.645916
0.400405
0.410558
0.455241
0.409081
0.300106
0.334511
0.246584
0.203602
0.101785
0.467507
0.341304
0.295977
0.194241
0.422123
0.226301
0.178112
0.104508
0.452045
0.135082
0.299455
0.620000
0.195394
0.172961
0.125043
0.228932
0.363156
0.385179
0.159382
0.166976
0.358696
0.225200
0.209517
0.169920
0.259854
0.173234
0.258080
0.159703
0.129632
0.278279
0.262799
0.253006
0.270370
0.191783
0.294605
0.217749
0.419719
0.336695
0.193906
0.116167
0.152832
0.353128
0.244252
0.130795
0.199146
0.311885
0.299110
0.181792
0.094082
0.334234
0.128226
0.436380
0.394207
0.099372
0.222325
0.411966
0.235704
0.303754
0.088404
0.289726
0.234986
0.112179
0.100279
0.250862
0.246886
0.157059
0.234096
0.160495
0.297665
0.244314
0.171124
0.114821
0.335064
0.103516
0.100584
0.134377
0.234082
0.196755
0.217267
0.538512
0.144626
0.297995
0.252244
0.468718
0.175668
0.427057
0.171129
0.372636
0.412169
0.153323
0.130841
0.219407
0.292490
0.211667
0.105064
0.209143
0.188775
0.318321
0.303093
0.128124
0.437489
0.160846
0.311278
0.299210
0.267957
0.191218
0.130902
0.405568
0.193345
0.224271
0.383423
0.569231
0.334999
0.406770
0.249110
0.188179
0.175359
0.137335
0.249236
0.295039
0.401371
0.258283
0.159365
0.152521
0.102588
0.260722
0.097278
0.146430
0.303796
0.119276
0.191314
0.226043
0.163299
0.272601
0.318616
0.307970
0.263139
0.153817
0.127973
0.422822
0.164393
0.355672
0.279518
0.114259
0.525976
0.244357
0.447712
0.376516
0.342505
0.290003
0.149677
0.170070
0.131174
0.314420
0.309063
0.106059
0.467689
0.126111
0.059809
0.380324
0.386450
0.079690
0.209363
0.191803
0.248157
0.188968
0.489167
0.158282
0.350389
0.058537
0.308787
0.483419
0.159124
0.145130
0.388294
0.293277
0.169853
0.123295
0.252272
0.235644
0.171423
0.302294
0.299333
0.208628
0.280982
0.210495
0.276517
0.211585
0.141300
0.132830
0.198887
0.512515
0.347829
0.152784
0.462628
0.352645
0.184442
0.455822
0.155563
0.278567
0.247764
0.294935
0.454039
0.284365
0.075205
0.152317
0.218650
0.188168
0.168066
0.295076
0.224084
0.097712
0.315765
0.365551
0.475540
0.224297
0.105403
0.282280
0.180397
0.237565
0.104111
0.216296
0.220305
0.209428
0.343377
0.175592
0.211805
0.294098
0.260841
0.256870
0.067498
0.221299
0.186705
0.264705
0.207699
0.383782
0.340326
0.200241
0.327543
0.395425
0.532835
0.207509
0.199791
0.152388
0.253430
0.220326
0.312396
0.118081
0.178794
0.377873
0.286339
0.188068
0.547155
0.207649
0.327577
0.567668
0.370911
0.267795
0.171174
0.201125
0.133374
0.222046
0.183766
0.125894
0.189746
0.197330
0.170295
0.455322
0.254999
0.180390
0.423489
0.244034
0.261445
0.455441
0.198976
0.185994
0.239970
0.418988
0.249036
0.272853
0.195010
0.287626
0.194363
0.095149
0.257680
0.134504
0.332206
0.193268
0.235455
0.287943
0.189574
0.192035
0.286660
0.131662
0.116652
0.461909
0.070686
0.265152
0.284432
0.079732
0.305725
0.404956
0.278870
0.530491
0.254842
0.392853
0.187779
0.238261
0.333473
0.299422
0.163810
0.275437
0.189650
0.235867
0.271191
0.257530
0.265495
0.238915
0.420769
0.162200
0.299138
0.196587
0.128775
0.165729
0.204575
0.099288
0.404300
0.150803
0.112831
0.460856
0.100752
0.128006
0.466360
0.388888
0.181500
0.359462
0.359516
0.258305
0.301994
0.341722
0.151026
0.331007
0.135839
0.407680
0.170715
0.100027
0.223576
0.305496
0.255024
0.259552
0.212868
0.242645
0.379441
0.170523
0.280189
0.154637
0.201249
0.212230
0.174509
0.306620
0.277486
0.169833
0.323032
0.139144
0.156171
0.264319
0.171555
0.102167
0.097051
0.330933
0.208537
0.248153
0.105705
0.314829
0.245029
0.405721
0.106887
0.184335
0.142392
0.380172
0.334300
0.265744
0.179236
0.095070
0.377944
0.569438
0.173870
0.099463
0.300056
0.213657
0.176907
0.230514
0.257279
0.379353
0.229394
0.305021
0.318916
0.284651
0.248910
0.290215
0.230082
0.306471
0.523600
0.233114
0.246212
0.103236
0.298824
0.201634
0.224496
0.205007
0.201730
0.236166
0.366222
0.237405
0.134404
0.406692
0.388733
0.276334
0.177505
0.126486
0.245259
0.291968
0.326470
0.144968
0.293542
0.358434
0.137687
0.341256
0.199774
0.150542
0.118476
0.100451
0.262872
0.285959
0.130366
0.302509
0.162647
0.437855
0.464659
0.308130
0.439176
0.164092
0.147994
0.103681
0.255680
0.131141
0.218084
0.621201
0.316611
0.232135
0.116919
0.332204
0.141758
0.252244
0.417421
0.260296
0.113273
0.226061
0.260822
0.400868
0.386339
0.415657
0.236076
0.306083
0.202555
0.242072
0.196274
0.290184
0.314917
0.293161
0.224902
0.171471
0.122132
0.439948
0.256811
0.318615
0.109235
0.331001
0.122155
0.327065
0.298235
0.202965
0.387920
0.226222
0.263774
0.184480
0.355700
0.069363
0.277225
0.408237
0.400256
0.208438
0.297487
0.211879
0.136420
0.148988
0.319716
0.284015
0.243583
0.093948
0.131644
0.162252
0.086466
0.115981
0.511007
0.125616
0.316733
0.201698
0.098352
0.235093
0.187830
0.256864
0.169713
0.332151
0.457628
0.126276
0.277063
0.294503
0.228204
0.420446
0.186666
0.217202
0.199243
0.118788
0.406979
0.247727
0.346037
0.149764
0.396965
0.213349
0.439603
0.238701
0.339609
0.091805
0.143799
0.150023
0.284244
0.143705
0.170868
0.270473
0.335852
0.235135
0.460952
0.198563
0.159386
0.425071
0.183344
0.145565
0.251794
0.514629
0.369427
0.096679
0.187597
0.340490
0.200312
0.253014
0.459481
0.160050
0.182045
0.235195
0.202227
0.105723
0.324563
0.251576
0.168102
0.252785
0.183502
0.384801
0.166607
0.279577
0.124132
0.132220
0.156841
0.338565
0.164906
0.256756
0.068249
0.140252
0.192837
0.286797
0.251530
0.303027
0.173016
0.365060
0.191892
0.414888
0.651971
0.216877
0.347347
0.262475
0.288487
0.176442
0.215599
0.229590
0.321116
0.077457
0.181835
0.206732
0.084237
0.182857
0.378107
0.223002
0.300079
0.217115
0.221259
0.096307
0.438294
0.353269
0.254884
0.216451
0.305415
0.192086
0.189154
0.126876
0.419709
0.366322
0.212518
0.215070
0.265458
0.260258
0.300823
0.084960
0.360274
0.316150
0.144649
0.291263
0.199959
0.248676
0.204044
0.220368
0.445991
0.181569
0.225644
0.439329
0.202903
0.406483
0.736709
0.201692
0.304926
0.072632
0.352943
0.191884
0.146116
0.296306
0.206809
0.360465
0.222191
0.149128
0.324111
0.318061
0.433660
0.267284
0.338704
0.297669
0.146040
0.395494
0.117327
0.537354
0.103956
0.195648
0.240851
0.277872
0.385596
0.146172
0.382996
0.143630
0.244944
0.145032
0.198243
0.107081
0.205884
0.199115
0.229350
0.080726
0.150544
0.212428
0.274987
0.124270
0.164423
0.123939
0.159652
0.366289
0.433238
0.321635
0.414359
0.453035
0.063107
0.175585
0.218254
0.461683
0.289936
0.309768
0.197219
0.143236
0.298406
0.231607
0.097294
0.416078
0.190441
0.305207
0.129066
0.136250
0.316977
0.427907
0.117864
0.263172
0.149606
0.253425
0.253757
0.255850
0.160996
0.284632
0.264488
0.413491
0.173078
0.292695
0.215512
0.139645
0.282277
0.073844
0.345416
0.687399
0.225228
0.351800
0.192145
0.291246
0.209806
0.327084
0.191413
0.073003
0.480261
0.105653
0.282842
0.290852
0.266523
0.154433
0.228612
0.231674
0.374596
0.181491
0.452369
0.108209
0.075853
0.372309
0.246247
0.134584
0.200121
0.252583
0.296238
0.272585
0.169885
0.246216
0.384381
0.307254
0.192460
0.441222
0.090241
0.217898
0.057348
0.214217
0.341576
0.128687
0.352734
0.470433
0.271443
0.211456
0.118723
0.230675
0.235442
0.142549
0.262327
0.143235
0.078309
0.217001
0.307835
0.298774
0.160540
0.190709
0.284923
0.381515
0.294936
0.144196
0.343085
0.217180
0.460116
0.371882
0.318191
0.211887
0.462458
0.188484
0.197009
0.300063
0.193642
0.193347
0.219239
0.473468
0.210441
0.076234
0.244149
0.372763
0.220981
0.139436
0.330608
0.228428
0.290169
0.075648
0.326222
0.378405
0.114515
0.309099
0.339475
0.236304
0.184968
0.098574
0.214684
0.141735
0.295025
0.272100
0.324472
0.271016
0.171982
0.221529
0.257737
0.160439
0.357439
0.328443
0.494226
0.287655
0.402273
0.339598
0.405640
0.261283
0.217894
0.186379
0.257013
0.375666
0.200634
0.320477
0.146731
0.197068
0.331766
0.131626
0.256547
0.301972
0.070359
0.332326
0.188377
0.165747
0.219514
0.269605
0.102863
0.216764
0.228372
0.207211
0.151184
0.354883
0.201160
0.437061
0.219655
0.174864
0.270472
0.142293
0.293122
0.117083
0.196513
0.130117
0.339303
0.067648
0.177889
0.052958
0.229677
0.196245
0.329962
0.147753
0.230730
0.099211
0.169846
0.313557
0.286286
0.122588
0.245410
0.218960
0.322348
0.166085
0.388566
0.220661
0.276419
0.135855
0.108535
0.233486
0.266064
0.175186
0.341690
0.082068
0.184724
0.138955
0.255089
0.217984
0.298608
0.253470
0.402580
0.345370
0.360141
0.332027
0.277492
0.194181
0.061351
0.417045
0.200560
0.394202
0.342822
0.220397
0.201615
0.121302
0.161630
0.242386
0.169310
0.319777
0.098926
0.263679
0.111831
0.247899
0.150628
0.194218
0.175119
0.468411
0.148834
0.138938
0.124084
0.281177
0.156887
0.184417
0.469629
0.388534
0.267967
0.100774
0.222941
0.096672
0.486265
0.174417
0.312880
0.151774
0.340403
0.145145
0.270682
0.599595
0.234623
0.309694
0.218034
0.215250
0.048892
0.129543
0.269171
0.112120
0.429585
0.383813
0.353823
0.160858
0.093605
0.268209
0.125143
0.169689
0.305526
0.203918
0.297543
0.165839
0.129963
0.298761
0.112280
0.186229
0.354074
0.044456
0.510823
0.197301
0.155307
0.198239
0.164042
0.153979
0.275984
0.438724
0.200159
0.221024
0.489004
0.171342
0.214000
0.471543
0.116431
0.124301
0.238556
0.196699
0.223863
0.103282
0.209329
0.246575
0.116506
0.100033
0.362868
0.213100
0.561178
0.211273
0.297011
0.184155
0.183407
0.455609
0.095599
0.177435
0.141495
0.352243
0.201450
0.060534
0.241874
0.091931
0.280435
0.122068
0.506020
0.168190
0.135789
0.292936
0.387693
0.403189
0.219641
0.261219
0.183040
0.162516
0.408871
0.267664
0.255047
0.318687
0.103241
0.199470
0.126664
0.379809
0.127548
0.320424
0.312577
0.235574
0.484174
0.282587
0.416734
0.134311
0.211085
0.427069
0.264655
0.122921
0.173143
0.314458
0.038448
0.464848
0.087126
0.200497
0.214964
0.288119
0.389201
0.168604
0.148740
0.314984
0.342160
0.166266
0.228480
0.232387
0.171928
0.276390
0.186129
0.265025
0.195190
0.290047
0.613579
0.341383
0.180256
0.234685
0.316965
0.155900
0.164835
0.401161
0.113763
0.257673
0.118604
0.122363
0.421133
0.469210
0.403010
0.097231
0.253754
0.275242
0.190975
0.441511
0.359254
0.241639
0.226269
0.333002
0.446536
0.163854
0.131363
0.303368
0.385429
0.107909
0.309534
0.398055
0.265175
0.368198
0.213624
0.387823
0.201456
0.561367
0.226364
0.338390
0.148995
0.308600
0.209807
0.294340
0.161047
0.063536
0.193848
0.151610
0.223128
0.074241
0.423895
0.150041
0.290093
0.163050
0.280487
0.232741
0.387694
0.398304
0.089921
0.184192
0.299807
0.125487
0.372255
0.267871
0.137828
0.226471
0.156089
0.133447
0.211194
0.161108
0.429472
0.148505
0.451148
0.263764
0.400987
0.437060
0.276723
0.262419
0.327186
0.154855
0.242869
0.208552
0.144263
0.192705
0.186998
0.275642
0.241455
0.275831
0.191702
0.256890
0.193176
0.173680
0.137885
0.336212
0.343982
0.208006
0.178058
0.107173
0.355185
0.273239
0.656333
0.242381
0.370409
0.105132
0.122692
0.136258
0.075647
0.115315
0.220588
0.245375
0.155594
0.054650
0.276607
0.198914
0.191356
0.157881
0.402223
0.260547
0.200397
0.287776
0.482172
0.157761
0.320795
0.231991
0.233122
0.139603
0.313705
0.278385
0.735363
0.143565
0.395079
0.329944
0.359428
0.243735
0.166177
0.324377
0.358757
0.252101
0.055027
0.197872
0.099294
0.338422
0.157404
0.196272
0.326764
0.154679
0.138691
0.163098
0.421486
0.162046
0.529560
0.184915
0.051258
0.224405
0.143560
0.280725
0.294524
0.342025
0.295827
0.134409
0.145112
0.247707
0.246313
0.308466
0.224787
0.361722
0.231829
0.186295
0.128548
0.215498
0.122778
0.440099
0.412409
0.185723
0.458006
0.176632
0.319962
0.091236
0.333096
0.275404
0.234629
0.206633
0.247155
0.151461
0.147469
0.253603
0.228777
0.167309
0.184040
0.178605
0.109989
0.250552
0.219045
0.292942
0.085871
0.176807
0.327344
0.221276
0.311637
0.215352
0.387484
0.249768
0.303207
0.110518
0.152874
0.143144
0.271615
0.296099
0.156605
0.486827
0.265601
0.099306
0.196388
0.416602
0.106806
0.261845
0.041871
0.279533
0.163564
0.266557
0.236566
0.248986
0.224863
0.383086
0.135400
0.531586
0.155536
0.321217
0.505232
0.355655
0.093500
0.316338
0.211884
0.111613
0.227648
0.163494
0.070172
0.208750
0.316833
0.250284
0.253442
0.077921
0.389963
0.187580
0.475484
0.166527
0.199842
0.085918
0.406792
0.178918
0.350557
0.114081
0.291704
0.156314
0.382983
0.299271
0.165845
0.209049
0.405816
0.161700
0.128572
0.384309
0.372902
0.244879
0.112795
0.311104
0.159137
0.126010
0.456238
0.306685
0.319959
0.388034
0.229235
0.294093
0.128495
0.341392
0.074673
0.295178
0.404787
0.137276
0.257288
0.206644
0.164683
0.050491
0.231240
0.229007
0.243942
0.213222
0.258609
0.111033
0.176808
0.139861
0.125818
0.465794
0.099904
0.206404
0.139968
0.179699
0.192408
0.255527
0.149730
0.190622
0.248182
0.139037
0.360633
0.426536
0.183505
0.234052
0.284169
0.100268
0.398232
0.099004
0.140778
0.135638
0.343080
0.264322
0.144827
0.460950
0.106088
0.169879
0.482887
0.359399
0.146182
0.221087
0.233940
0.308806
0.281757
0.225105
0.273051
0.198680
0.499063
0.282251
0.051173
0.312038
0.275053
0.193318
0.410372
0.281932
0.100235
0.219179
0.501218
0.089914
0.211341
0.415190
0.429441
0.141799
0.294569
0.245745
0.389784
0.120148
0.112815
0.102523
0.511494
0.157962
0.302379
0.162682
0.137490
0.261953
0.306868
0.587824
0.250689
0.118259
0.358271
0.267338
0.357531
0.337628
0.162994
0.326594
0.189208
0.111568
0.137849
0.383025
0.403636
0.157654
0.409062
0.065458
0.099136
0.619084
0.225547
0.359645
0.280003
0.156195
0.230079
0.274739
0.416246
0.316563
0.099166
0.298958
0.255404
0.359112
0.208454
0.150998
0.214802
0.111934
0.124323
0.339082
0.372003
0.190376
0.107613
0.365066
0.161004
0.152333
0.400800
0.199028
0.120879
0.200219
0.444605
0.306886
0.647422
0.385833
0.542285
0.203428
0.184120
0.116875
0.202588
0.166898
0.176617
0.103880
0.320758
0.242895
0.264926
0.170359
0.261250
0.218034
0.558186
0.112243
0.326317
0.118422
0.238714
0.299581
0.096176
0.240772
0.254496
0.460859
0.310648
0.146364
0.223673
0.422084
0.113176
0.165115
0.266169
0.371323
0.082895
0.332993
0.429621
0.166006
0.147860
0.180268
0.184992
0.108840
0.249751
0.239216
0.237083
0.131498
0.460480
0.323199
0.234208
0.250580
0.462750
0.412189
0.161594
0.626455
0.136445
0.086576
0.350568
0.299938
0.301778
0.283788
0.224650
0.110349
0.180549
0.173636
0.236650
0.254737
0.229786
0.127852
0.236744
0.275185
0.261728
0.235425
0.169691
0.113328
0.262097
0.128021
0.282222
0.199391
0.188281
0.207348
0.333900
0.263553
0.154884
0.169522
0.095690
0.162717
0.210399
0.129727
0.162361
0.421664
0.273797
0.263725
0.278783
0.272074
0.369416
0.180060
0.238503
0.359988
0.400358
0.285478
0.103072
0.224546
0.225044
0.209310
0.316911
0.216189
0.291135
0.134195
0.128297
0.103066
0.295279
0.185475
0.279632
0.426631
0.187932
0.401592
0.318099
0.243955
0.360605
0.277167
0.453613
0.364481
0.246855
0.395601
0.178501
0.410510
0.204973
0.133031
0.173580
0.128970
0.380353
0.302502
0.332651
0.306723
0.281579
0.271116
0.135187
0.204428
0.239498
0.154931
0.221245
0.284503
0.548529
0.259287
0.383532
0.178336
0.257022
0.370515
0.158157
0.267291
0.125332
0.187964
0.487329
0.263643
0.306707
0.155718
0.259018
0.242963
0.352024
0.115473
0.188104
0.393280
0.136542
0.057315
0.209330
0.202986
0.097482
0.288311
0.153935
0.424575
0.369726
0.335863
0.275154
0.389920
0.290465
0.296873
0.422348
0.111789
0.188772
0.222543
0.345752
0.113298
0.137001
0.317734
0.570559
0.231064
0.362182
0.238587
0.202406
0.283322
0.330022
0.168040
0.301803
0.365404
0.200555
0.176537
0.300779
0.168066
0.412923
0.132476
0.277343
0.140545
0.260596
0.241720
0.271339
0.307652
0.265960
0.235201
0.170816
0.224496
0.213014
0.183633
0.356239
0.171596
0.128173
0.146466
0.364320
0.253880
0.216570
0.232156
0.088557
0.444515
0.130139
0.360934
0.383903
0.207849
0.609670
0.237279
0.403751
0.355772
0.243499
0.294502
0.231984
0.170091
0.258989
0.450486
0.227421
0.191191
0.314605
0.381563
0.267637
0.187637
0.221250
0.215793
0.271178
0.077446
0.266502
0.071524
0.174867
0.194539
0.474168
0.192519
0.559757
0.165976
0.221186
0.547245
0.075092
0.354775
0.153994
0.335358
0.118317
0.228435
0.290688
0.142731
0.320457
0.087964
0.215571
0.255291
0.324278
0.194192
0.079695
0.282687
0.533886
0.222518
0.097500
0.217827
0.411810
0.475764
0.192759
0.168186
0.146500
0.114353
0.061457
0.194781
0.345242
0.595143
0.183185
0.198766
0.146481
0.131435
0.178266
0.191192
0.601267
0.239936
0.314004
0.211979
0.106151
0.328877
0.080382
0.263423
0.387508
0.089366
0.215544
0.332374
0.189317
0.487803
0.234674
0.113939
0.146254
0.281904
0.242433
0.146165
0.218123
0.317020
0.389069
0.171185
0.196971
0.209384
0.312612
0.097171
0.171167
0.294735
0.116706
0.181469
0.220204
0.196304
0.162700
0.327351
0.148415
0.291072
0.157932
0.122944
0.179250
0.310680
0.354664
0.313477
0.129668
0.328464
0.197703
0.127035
0.312096
0.359369
0.224645
0.175512
0.319158
0.112482
0.164800
0.141461
0.148028
0.277110
0.192529
0.167264
0.324274
0.202470
0.249143
0.434097
0.095441
0.184575
0.234149
0.117105
0.281933
0.067178
0.281772
0.321865
0.163808
0.171766
0.406000
0.117192
0.198148
0.270651
0.141975
0.309956
0.217924
0.344246
0.258978
0.139686
0.285043
0.188390
0.231090
0.276755
0.187729
0.302358
0.219118
0.396781
0.161465
0.330022
0.223941
0.103325
0.187852
0.136062
0.321717
0.204284
0.467859
0.391439
0.170293
0.173329
0.350807
0.259966
0.194092
0.285690
0.320133
0.070509
0.145487
0.183661
0.376647
0.475929
0.421138
0.220511
0.344241
0.053147
0.180040
0.416614
0.374044
0.189269
0.192334
0.289307
0.120870
0.249181
0.238651
0.246587
0.237723
0.283537
0.198535
0.174647
0.244644
0.113927
0.144772
0.196551
0.297452
0.282185
0.313890
0.159494
0.306789
0.363547
0.216168
0.228648
0.224730
0.160464
0.282259
0.268270
0.213054
0.207127
0.106113
0.407173
0.230586
0.177489
0.184648
0.371469
0.391535
0.153265
0.216025
0.226861
0.419702
0.142654
0.318062
0.294118
0.270265
0.229737
0.117291
0.295154
0.223243
0.428748
0.131200
0.144100
0.199177
0.238002
0.329394
0.339189
0.448291
0.176970
0.290869
0.336687
0.370040
0.382662
0.269269
0.336345
0.167697
0.510558
0.298359
0.125935
0.256988
0.303745
0.122972
0.293358
0.297484
0.090862
0.249848
0.205681
0.505579
0.495509
0.157467
0.166329
0.424320
0.191513
0.351137
0.276879
0.347989
0.275319
0.268920
0.518822
0.097052
0.260762
0.153984
0.327928
0.279847
0.218875
0.228355
0.207406
0.285045
0.183670
0.216460
0.265941
0.237815
0.277827
0.151457
0.207231
0.299212
0.187675
0.298176
0.271442
0.211257
0.150915
0.579156
0.224546
0.190292
0.279939
0.249198
0.237026
0.650856
0.240757
0.311584
0.235684
0.452172
0.129071
0.206195
0.202094
0.163990
0.310258
0.108821
0.198859
0.366697
0.322176
0.235111
0.292398
0.155206
0.301382
0.113241
0.144871
0.332130
0.317309
0.215291
0.251389
0.194781
0.171120
0.340050
0.256910
0.381153
0.203300
0.195018
0.362540
0.287632
0.164656
0.141954
0.217447
0.229521
0.164601
0.407346
0.216838
0.178939
0.185566
0.438129
0.158131
0.200475
0.111831
0.082977
0.220975
0.321062
0.414682
0.250270
0.467017
0.685311
0.296699
0.181208
0.325814
0.245800
0.124266
0.348113
0.143116
0.223578
0.246878
0.124404
0.149512
0.359997
0.343207
0.089975
0.208791
0.236179
0.245351
0.414400
0.146942
0.314820
0.423224
0.185692
0.242808
0.410043
0.149215
0.229616
0.219432
0.370976
0.129981
0.257632
0.280223
0.314108
0.484492
0.197893
0.335868
0.131396
0.094461
0.287003
0.231139
0.228890
0.127350
0.335573
0.234401
0.338846
0.196137
0.293644
0.323617
0.149604
0.309136
0.112601
0.137584
0.161052
0.148652
0.255735
0.233174
0.244085
0.303638
0.267981
0.189707
0.183773
0.077952
0.287859
0.249976
0.192512
0.168563
0.255834
0.170987
0.282253
0.213035
0.193399
0.114450
0.241303
0.206336
0.227546
0.219360
0.243662
0.220075
0.398482
0.208150
0.388992
0.293514
0.532571
0.100321
0.310224
0.131913
0.206756
0.303270
0.293693
0.133036
0.211838
0.211645
0.389992
0.216718
0.169753
0.107839
0.250866
0.190031
0.217629
0.252758
0.221943
0.154449
0.345861
0.046416
0.251476
0.335734
0.313133
0.253619
0.255173
0.110998
0.209096
0.168748
0.183460
0.200264
0.321794
0.273603
0.224776
0.233509
0.267626
0.182187
0.159222
0.204421
0.250112
0.251763
0.295135
0.343915
0.215718
0.313773
0.276828
0.266506
0.322192
0.151727
0.401768
0.302233
0.154040
0.452315
0.193642
0.392591
0.266580
0.272895
0.152348
0.058624
0.264657
0.508417
0.141513
0.246847
0.353218
0.322454
0.174632
0.125708
0.177538
0.204249
0.311722
0.134142
0.189702
0.305393
0.503109
0.233856
0.186609
0.130455
0.335016
0.268900
0.434818
0.163145
0.183419
0.187729
0.117743
0.297908
0.381384
0.183712
0.336076
0.388720
0.147964
0.202370
0.224364
0.263635
0.224691
0.145495
0.580396
0.397897
0.366448
0.282053
0.646257
0.161898
0.168684
0.409177
0.384289
0.102455
0.146546
0.214166
0.347886
0.434878
0.285296
0.224466
0.336256
0.362031
0.355279
0.196288
0.217187
0.279054
0.538548
0.249681
0.247858
0.360163
0.199763
0.149347
0.435921
0.191263
0.309219
0.224963
0.273171
0.131150
0.300672
0.475823
0.222359
0.203992
0.418148
0.290659
0.177532
0.191736
0.139099
0.449339
0.105449
0.255054
0.140135
0.266996
0.268077
0.508246
0.190665
0.215618
0.130549
0.109863
0.149476
0.149554
0.100337
0.321163
0.289169
0.432510
0.161405
0.217958
0.497275
0.348214
0.464627
0.128209
0.164191
0.357781
0.107321
0.342762
0.187251
0.220971
0.219776
0.125011
0.210641
0.219511
0.277139
0.312195
0.248133
0.270944
0.174130
0.334758
0.310725
0.274659
0.209077
0.464522
0.339939
0.461964
0.261972
0.218803
0.201167
0.085517
0.477195
0.244644
0.075372
0.164209
0.192459
0.224024
0.110727
0.257740
0.225729
0.226392
0.100573
0.182712
0.178917
0.325284
0.426820
0.176190
0.177732
0.231546
0.305670
0.405063
0.234076
0.315308
0.207643
0.478413
0.186751
0.135177
0.356744
0.321394
0.245810
0.251315
0.298770
0.504501
0.220826
0.121826
0.147235
0.352302
0.255570
0.176876
0.276801
0.391115
0.179397
0.241445
0.210580
0.151674
0.279193
0.227696
0.209281
0.142577
0.190843
0.219584
0.146386
0.371526
0.144949
0.313438
0.419753
0.312353
0.132225
0.270066
0.179486
0.270716
0.315673
0.224346
0.205690
0.543075
0.131476
0.188219
0.236002
0.234022
0.154669
0.248969
0.179572
0.218713
0.417917
0.121157
0.352168
0.480527
0.250842
0.275020
0.256751
0.270743
0.323831
0.167058
0.298691
0.134072
0.309563
0.324629
0.158756
0.168420
0.236826
0.228905
0.289526
0.268134
0.235261
0.138093
0.275745
0.207662
0.222185
0.274329
0.284963
0.176247
0.121814
0.100254
0.224483
0.119563
0.393003
0.353678
0.094893
0.159996
0.134599
0.311071
0.259765
0.117059
0.232918
0.162975
0.276082
0.184634
0.285982
0.588898
0.267679
0.268598
0.107728
0.172687
0.180291
0.227819
0.284078
0.575938
0.122959
0.113800
0.320225
0.268401
0.576671
0.284165
0.259221
0.168776
0.029688
0.363073
0.450804
0.164921
0.279097
0.382110
0.266080
0.156471
0.275287
0.233694
0.174315
0.592889
0.115482
0.065457
0.302406
0.204816
0.467399
0.305750
0.022824
0.142832
0.296584
0.151119
0.712819
0.163163
0.145195
0.308621
0.429832
0.124947
0.193564
0.285279
0.379551
0.250715
0.166716
0.364299
0.162334
0.224834
0.335821
0.182502
0.139898
0.123701
0.365848
0.439139
0.504005
0.294584
0.047995
0.074181
0.162185
0.310839
0.326638
0.067571
0.184917
0.146665
0.187441
0.055011
0.222289
0.214371
0.141006
0.437249
0.151160
0.250517
0.272512
0.266736
0.372459
0.496114
0.172727
0.146190
0.235158
0.144480
0.237311
0.272033
0.319396
0.157902
0.229670
0.345327
0.351614
0.175005
0.131073
0.264826
0.122049
0.247594
0.266273
0.299139
0.265283
0.202534
0.345279
0.164719
0.268185
0.398394
0.214849
0.099331
0.258429
0.216967
0.180412
0.326035
0.347483
0.165613
0.373674
0.148532
0.262726
0.083486
0.371956
0.254193
0.274704
0.149646
0.181714
0.225557
0.316537
0.363783
0.225712
0.127372
0.267664
0.135115
0.145260
0.242035
0.328851
0.160257
0.089555
0.115538
0.214825
0.467351
0.156720
0.236446
0.403815
0.231097
0.274210
0.345003
0.504111
0.157134
0.187170
0.336292
0.126847
0.266853
0.161494
0.321780
0.253039
0.483223
0.248264
0.202695
0.084060
0.379299
0.361913
0.265609
0.524943
0.073517
0.174226
0.228888
0.323192
0.225917
0.169444
0.089208
0.126271
0.259304
0.192445
0.401825
0.322408
0.305233
0.367210
0.217600
0.108444
0.293043
0.095650
0.310412
0.460143
0.118406
0.389994
0.259118
0.283512
0.096067
0.208959
0.339197
0.118175
0.425284
0.140080
0.191923
0.314742
0.417998
0.273704
0.366979
0.126461
0.411951
0.310410
0.141151
0.168833
0.317067
0.229309
0.168946
0.156059
0.198428
0.191730
0.316061
0.223187
0.335365
0.254216
0.379802
0.201050
0.087759
0.374964
0.245264
0.163828
0.093963
0.147399
0.267863
0.200287
0.261189
0.393555
0.121341
0.341375
0.156309
0.359994
0.162390
0.472870
0.280237
0.116142
0.134866
0.362083
0.121513
0.399586
0.419503
0.276706
0.198849
0.331205
0.101688
0.260322
0.059516
0.440086
0.236925
0.250903
0.188167
0.211546
0.190573
0.175039
0.152523
0.357716
0.522516
0.227498
0.249263
0.251970
0.272371
0.498364
0.315594
0.127696
0.222552
0.220726
0.086542
0.368810
0.263985
0.185926
0.262412
0.203131
0.331895
0.140905
0.265842
0.204029
0.469963
0.300098
0.089040
0.279976
0.330801
0.205660
0.202023
0.281144
0.265061
0.253150
0.207623
0.123579
0.286506
0.579934
0.289299
0.375687
0.231668
0.265390
0.504337
0.318037
0.342157
0.339356
0.580717
0.195797
0.179894
0.177618
0.291248
0.240842
0.212626
0.202923
0.053643
0.244034
0.185065
0.439967
0.151141
0.263506
0.227032
0.142347
0.343858
0.171913
0.492578
0.563004
0.171768
0.218765
0.157599
0.063829
0.283959
0.310032
0.332978
0.264828
0.459862
0.421448
0.233805
0.161527
0.186706
0.360271
0.128516
0.106488
0.320548
0.213752
0.205949
0.279147
0.287904
0.170662
0.307657
0.189719
0.175772
0.280064
0.179557
0.175992
0.204929
0.330680
0.173988
0.069942
0.261322
0.343425
0.596642
0.339529
0.180709
0.141968
0.136658
0.117448
0.332178
0.172707
0.296000
0.131410
0.338799
0.390382
0.228240
0.088994
0.258327
0.116959
0.266846
0.128538
0.223496
0.367621
0.372843
0.096561
0.244236
0.129417
0.319313
0.292084
0.541788
0.354003
0.202643
0.159722
0.209937
0.203754
0.367043
0.282432
0.521096
0.155880
0.544058
0.286086
0.207562
0.198651
0.388447
0.190477
0.354123
0.272104
0.200520
0.203950
0.344330
0.258600
0.442356
0.247090
0.406983
0.285145
0.166076
0.117879
0.250976
0.270635
0.151255
0.163257
0.093926
0.447843
0.431393
0.127612
0.165838
0.258229
0.211028
0.227035
0.249068
0.123530
0.096639
0.298741
0.241732
0.048474
0.123021
0.118898
0.788581
0.278861
0.244203
0.155295
0.506062
0.209958
0.095101
0.336254
0.371189
0.270477
0.290859
0.321669
0.120491
0.160120
0.228787
0.249915
0.171312
0.223683
0.251625
0.301735
0.220263
0.120166
0.209590
0.183977
0.248373
0.186533
0.379805
0.275525
0.257523
0.108761
0.323808
0.194086
0.146866
0.261748
0.115513
0.101832
0.195976
0.161291
0.246777
0.107708
0.207930
0.378714
0.367337
0.345382
0.215689
0.160316
0.200779
0.144803
0.146762
0.299642
0.374210
0.185869
0.366831
0.205573
0.207591
0.269782
0.194274
0.334273
0.285748
0.329892
0.253316
0.320509
0.224138
0.258418
0.175414
0.216923
0.434953
0.325928
0.323460
0.175151
0.299645
0.111663
0.070018
0.433041
0.156309
0.151528
0.157158
0.151808
0.075032
0.145648
0.640777
0.080160
0.216775
0.241603
0.282207
0.102579
0.192072
0.267861
0.253978
0.437388
0.304813
0.097413
0.255134
0.212274
0.422338
0.152568
0.307105
0.283254
0.259690
0.154528
0.140156
0.144939
0.317251
0.090577
0.124389
0.320072
0.151128
0.087891
0.186980
0.151864
0.298786
0.290273
0.408623
0.181171
0.258728
0.238656
0.315333
0.172110
0.605601
0.159246
0.163129
0.025546
0.229342
0.324110
0.348551
0.172061
0.115011
0.228321
0.194902
0.212162
0.224676
0.218246
0.191906
0.245917
0.202911
0.202480
0.319363
0.218405
0.207527
0.314339
0.521249
0.128280
0.203369
0.271733
0.239826
0.221825
0.570967
0.281754
0.336762
0.290967
0.147811
0.291227
0.390250
0.143470
0.239981
0.442991
0.205912
0.133324
0.113813
0.512944
0.485937
0.277112
0.427818
0.443098
0.386771
0.231298
0.403774
0.091326
0.223004
0.208830
0.254708
0.182805
0.232845
0.238104
0.374174
0.204005
0.485159
0.197706
0.207607
0.108485
0.178111
0.093772
0.292282
0.111496
0.255295
0.267616
0.244647
0.220679
0.295401
0.313740
0.253765
0.073238
0.289361
0.099873
0.431076
0.311900
0.126570
0.276947
0.093432
0.196125
0.097638
0.114076
0.174225
0.137015
0.137175
0.294405
0.152726
0.291085
0.157723
0.421925
0.184250
0.191975
0.237389
0.400045
0.426431
0.454443
0.207657
0.141987
0.317056
0.340305
0.371418
0.150655
0.335247
0.266647
0.300541
0.376413
0.267338
0.399840
0.201060
0.363102
0.160325
0.150393
0.216668
0.074722
0.234254
0.174268
0.287622
0.533483
0.268872
0.226486
0.287502
0.527829
0.233051
0.112725
0.367196
0.187216
0.242936
0.187190
0.438767
0.142014
0.425029
0.206489
0.427792
0.302224
0.194536
0.122664
0.228514
0.391119
0.218808
0.152716
0.143451
0.177190
0.237367
0.127020
0.576184
0.080380
0.267100
0.229686
0.544353
0.231581
0.411647
0.172795
0.156186
0.135301
0.224713
0.159611
0.221774
0.417802
0.179677
0.088164
0.280577
0.273192
0.216837
0.314988
0.284696
0.218642
0.177677
0.148084
0.221207
0.374757
0.387342
0.358349
0.244055
0.238418
0.455329
0.334925
0.249894
0.047097
0.192452
0.155357
0.247042
0.194214
0.256246
0.105184
0.267677
0.075573
0.213431
0.301486
0.174267
0.197370
0.219722
0.187844
0.113754
0.092650
0.074333
0.206375
0.278310
0.146490
0.462723
0.267949
0.144493
0.134979
0.176682
0.162534
0.137973
0.249828
0.163568
0.343071
0.116904
0.218918
0.151826
0.730975
0.174030
0.363125
0.080887
0.248477
0.594366
0.268714
0.181458
0.230955
0.490529
0.374998
0.350627
0.126984
0.147205
0.442673
0.153070
0.288222
0.214737
0.060654
0.213581
0.174788
0.239090
0.178785
0.370360
0.300560
0.289240
0.343829
0.256683
0.251789
0.322275
0.267788
0.267658
0.169958
0.319652
0.108083
0.458794
0.207655
0.277584
0.417388
0.176668
0.326404
0.268383
0.122096
0.192798
0.206865
0.235951
0.130986
0.114070
0.347963
0.143171
0.190607
0.269137
0.325386
0.165677
0.172901
0.164874
0.401940
0.299365
0.258993
0.379879
0.168048
0.230906
0.411791
0.254124
0.239530
0.120121
0.161100
0.297885
0.202341
0.223248
0.105126
0.201465
0.302938
0.248152
0.249577
0.365119
0.178319
0.216675
0.322043
0.123411
0.162993
0.407300
0.146421
0.120513
0.388245
0.252095
0.219370
0.174610
0.335388
0.125097
0.323228
0.555037
0.126863
0.279973
0.488250
0.137391
0.166067
0.116826
0.417949
0.271622
0.184359
0.082145
0.168299
0.136711
0.070856
0.119345
0.342053
0.220723
0.261351
0.475504
0.099461
0.312060
0.234959
0.183307
0.147670
0.240556
0.338732
0.176770
0.141156
0.662979
0.164627
0.152731
0.187942
0.151645
0.259425
0.447185
0.154974
0.103876
0.272827
0.255519
0.103244
0.149235
0.126906
0.291691
0.160894
0.502160
0.146633
0.207336
0.161364
0.228322
0.100551
0.270026
0.354778
0.689313
0.314417
0.293791
0.204003
0.088041
0.273974
0.202418
0.431574
0.509191
0.143171
0.620669
0.282162
0.266359
0.334882
0.294676
0.190278
0.285068
0.261680
0.180434
0.264742
0.107345
0.350971
0.302709
0.280572
0.225981
0.293519
0.254776
0.206384
0.602679
0.178972
0.352450
0.215033
0.148864
0.386387
0.159948
0.349549
0.246712
0.132805
0.377757
0.422341
0.262506
0.470797
0.096459
0.218335
0.072388
0.529413
0.407057
0.165842
0.116877
0.381182
0.415619
0.094689
0.280781
0.164953
0.388380
0.272878
0.154989
0.400167
0.167207
0.212183
0.233513
0.177945
0.357906
0.295459
0.309828
0.255745
0.440281
0.187743
0.190589
0.199412
0.299683
0.240847
0.129009
0.171630
0.194398
0.181377
0.412907
0.329875
0.201354
0.190283
0.114606
0.202584
0.416308
0.330885
0.380059
0.333808
0.232053
0.205809
0.278303
0.302964
0.406322
0.518329
0.087932
0.333098
0.167471
0.148566
0.335066
0.133701
0.253884
0.160984
0.220529
0.226551
0.226334
0.100834
0.370902
0.208373
0.301859
0.423725
0.127787
0.132920
0.140761
0.254653
0.146055
0.300787
0.386825
0.238058
0.143216
0.254683
0.142909
0.184924
0.243557
0.365049
0.114243
0.133106
0.398457
0.113224
0.224379
0.166334
0.153007
0.204627
0.232769
0.192449
0.055938
0.154657
0.286229
0.214219
0.182370
0.255128
0.274584
0.260518
0.373500
0.089561
0.259009
0.455170
0.096627
0.159945
0.138433
0.311819
0.132837
0.460366
0.316112
0.268214
0.236563
0.139880
0.322572
0.242405
0.322521
0.347083
0.170123
0.336536
0.126100
0.300404
0.073515
0.135904
0.249472
0.133762
0.356380
0.318825
0.256652
0.119370
0.359621
0.259131
0.309128
0.208094
0.187635
0.222870
0.319059
0.331709
0.162354
0.147196
0.379452
0.165731
0.631536
0.167426
0.244276
0.245913
0.185673
0.201601
0.313363
0.124357
0.184489
0.197226
0.615094
0.305573
0.262422
0.144000
0.204521
0.149054
0.237027
0.398223
0.436575
0.490912
0.179519
0.172982
0.307382
0.492907
0.472254
0.336706
0.360094
0.429023
0.216994
0.238551
0.139222
0.188070
0.312577
0.141106
0.188183
0.223070
0.090865
0.181687
0.240441
0.250287
0.252043
0.387673
0.473360
0.265602
0.174201
0.420251
0.311594
0.245327
0.196083
0.149694
0.082962
0.154593
0.238071
0.101935
0.374344
0.147685
0.292713
0.266635
0.363804
0.275073
0.259445
0.166715
0.304358
0.295989
0.309558
0.273949
0.352742
0.376383
0.254639
0.267902
0.218555
0.171629
0.354412
0.303711
0.339408
0.540233
0.188604
0.143041
0.382631
0.175930
0.320533
0.100639
0.389183
0.224501
0.315244
0.175824
0.468333
0.512285
0.374276
0.453148
0.167394
0.163271
0.531250
0.295891
0.481516
0.212078
0.224042
0.153447
0.286141
0.217505
0.265228
0.394946
0.280846
0.156725
0.220193
0.552898
0.360414
0.153764
0.257379
0.074926
0.159912
0.137479
0.333595
0.166396
0.489417
0.161762
0.374438
0.220930
0.222452
0.353115
0.310669
0.131513
0.296086
0.301645
0.273230
0.233643
0.279869
0.384618
0.173074
0.197234
0.384753
0.205167
0.170193
0.117969
0.715562
0.237166
0.251069
0.268717
0.283945
0.215200
0.158649
0.098072
0.359832
0.237044
0.065655
0.199941
0.297764
0.245034
0.131144
0.271838
0.375282
0.094486
0.123172
0.334716
0.270832
0.195308
0.284192
0.270937
0.205382
0.102363
0.189893
0.085770
0.245991
0.081255
0.129899
0.375324
0.220483
0.196136
0.154252
0.293234
0.198167
0.348840
0.186534
0.090180
0.210647
0.258535
0.176823
0.257508
0.272023
0.438412
0.377984
0.316224
0.192081
0.217418
0.203527
0.133729
0.179349
0.530839
0.078993
0.328508
0.162267
0.285378
0.201048
0.339910
0.173693
0.170777
0.090548
0.299304
0.352489
0.124415
0.357033
0.382098
0.266814
0.249505
0.149251
0.209472
0.105665
0.268849
0.260306
0.323822
0.303414
0.206237
0.225161
0.304313
0.305401
0.260438
0.361711
0.120244
0.265883
0.221806
0.171348
0.118316
0.457313
0.149841
0.203507
0.280885
0.087738
0.247894
0.368299
0.149662
0.172714
0.144383
0.251787
0.582690
0.245173
0.334930
0.270432
0.104870
0.167881
0.311230
0.107674
0.299627
0.273747
0.320649
0.191650
0.118070
0.302812
0.208546
0.244047
0.423955
0.288289
0.258518
0.238969
0.437097
0.136750
0.502538
0.117791
0.330541
0.182128
0.159966
0.389751
0.094886
0.216491
0.195209
0.208429
0.284415
0.386897
0.171272
0.171670
0.141040
0.302884
0.192913
0.215750
0.288383
0.253893
0.361551
0.224767
0.208125
0.153543
0.635037
0.234771
0.150491
0.089248
0.235646
0.134247
0.290274
0.143005
0.083260
0.277292
0.250613
0.342597
0.396762
0.165876
0.079099
0.157385
0.146305
0.567790
0.283043
0.195519
0.186067
0.100214
0.231594
0.267630
0.217432
0.262701
0.264452
0.117088
0.074033
0.203159
0.215772
0.436488
0.260823
0.193247
0.364462
0.157235
0.281532
0.089661
0.116745
0.272546
0.167918
0.227040
0.271061
0.154320
0.206678
0.222702
0.226455
0.311026
0.065800
0.112846
0.125467
0.301557
0.133462
0.368838
0.197574
0.387885
0.235514
0.189507
0.141006
0.490252
0.154714
0.169676
0.100107
0.150867
0.113206
0.268754
0.210710
0.211729
0.229827
0.144346
0.346260
0.157685
0.307678
0.107904
0.103193
0.191498
0.238902
0.277510
0.355791
0.126905
0.317987
0.413459
0.288862
0.381794
0.271177
0.300769
0.239511
0.211787
0.360228
0.291963
0.326785
0.169029
0.213369
0.345201
0.386051
0.170662
0.224284
0.254210
0.330100
0.291180
0.077050
0.194578
0.198141
0.299172
0.258006
0.069142
0.159134
0.181890
0.176087
0.214999
0.160386
0.447336
0.279378
0.321745
0.280506
0.358621
0.309312
0.063352
0.132666
0.324785
0.266262
0.338445
0.211386
0.172196
0.251296
0.049975
0.264222
0.257691
0.235491
0.236737
0.433561
0.175835
0.387959
0.086455
0.616835
0.504521
0.078151
0.238257
0.097862
0.494052
0.119377
0.179235
0.380608
0.307846
0.278092
0.195269
0.449775
0.436426
0.317323
0.208857
0.343479
0.272194
0.188124
0.278533
0.175007
0.295686
0.223640
0.251029
0.262030
0.300514
0.180300
0.203776
0.259452
0.154982
0.177946
0.432823
0.115721
0.313008
0.328976
0.254657
0.157747
0.247812
0.298291
0.096103
0.451534
0.178479
0.258259
0.475796
0.338037
0.289195
0.304248
0.130098
0.343800
0.467049
0.148173
0.204751
0.082198
0.350379
0.463367
0.210863
0.558550
0.260002
0.331184
0.307232
0.118905
0.529488
0.189252
0.313421
0.144402
0.482491
0.181760
0.104915
0.168525
0.187283
0.180242
0.190692
0.134785
0.088570
0.262648
0.256503
0.117178
0.187379
0.073083
0.311442
0.296703
0.241002
0.233681
0.208488
0.302799
0.454781
0.216346
0.179210
0.536947
0.391308
0.453579
0.311757
0.195526
0.256332
0.154174
0.199517
0.205355
0.196497
0.293125
0.166063
0.223737
0.362679
0.131597
0.196989
0.304853
0.392566
0.195657
0.407650
0.439051
0.460422
0.208585
0.339898
0.249076
0.189476
0.199876
0.208894
0.297218
0.376974
0.244158
0.447383
0.338523
0.290064
0.092206
0.304617
0.376909
0.172693
0.223017
0.171101
0.255198
0.233536
0.301555
0.271291
0.203967
0.165710
0.249155
0.375079
0.133414
0.223949
0.362145
0.261424
0.176278
0.220069
0.254825
0.233001
0.258517
0.313557
0.085520
0.118589
0.424573
0.350296
0.226693
0.311550
0.275164
0.140967
0.175207
0.269064
0.347189
0.094576
0.289669
0.280772
0.121052
0.218681
0.159842
0.179952
0.073261
0.238146
0.326296
0.327144
0.322090
0.097280
0.193772
0.218503
0.211381
0.099354
0.100095
0.312806
0.415693
0.231291
0.124108
0.149443
0.142796
0.222220
0.153486
0.207533
0.386083
0.261725
0.151595
0.270919
0.261708
0.277140
0.272301
0.243199
0.075292
0.228742
0.182946
0.120883
0.241882
0.410746
0.316632
0.157761
0.109854
0.207097
0.139822
0.322996
0.301530
0.285959
0.148037
0.200201
0.258326
0.448244
0.212947
0.382289
0.149832
0.270085
0.499081
0.265371
0.309924
0.492466
0.160946
0.112461
0.191258
0.246333
0.150860
0.241207
0.257832
0.272147
0.404301
0.216569
0.121683
0.144738
0.281547
0.198033
0.289110
0.091492
0.252738
0.143983
0.230458
0.238745
0.143182
0.214489
0.292920
0.130386
0.289036
0.189959
0.303394
0.114596
0.215651
0.449562
0.319476
0.055120
0.190793
0.154031
0.198596
0.243220
0.271187
0.154211
0.087485
0.353216
0.207883
0.296849
0.082398
0.334351
0.129223
0.136937
0.365557
0.274231
0.100464
0.168320
0.202180
0.222507
0.307504
0.258955
0.274160
0.134434
0.209994
0.210460
0.391727
0.080242
0.182615
0.234138
0.235929
0.227238
0.282343
0.368462
0.248580
0.094560
0.144619
0.168563
0.271990
0.245931
0.191176
0.169763
0.167890
0.196013
0.168264
0.212452
0.254129
0.180652
0.101822
0.237512
0.337635
0.144033
0.283380
0.219187
0.401297
0.279606
0.249927
0.456684
0.411875
0.408053
0.337113
0.187746
0.090367
0.234593
0.371957
0.139456
0.307879
0.277924
0.284462
0.285111
0.160829
0.243219
0.673891
0.230708
0.143815
0.452506
0.416402
0.292667
0.238690
0.278038
0.250613
0.268783
0.238480
0.121278
0.429888
0.136934
0.278087
0.117232
0.157118
0.216134
0.137720
0.166942
0.328133
0.144280
0.251811
0.410423
0.221186
0.322501
0.468002
0.155209
0.350024
0.075862
0.121309
0.121043
0.357851
0.420142
0.292549
0.355128
0.214646
0.130445
0.158361
0.107865
0.267996
0.417036
0.151500
0.108414
0.276680
0.120110
0.334102
0.221281
0.353871
0.133733
0.211032
0.321531
0.126553
0.334331
0.220965
0.336757
0.198323
0.129613
0.094426
0.310115
0.178302
0.123344
0.136156
0.131655
0.147747
0.200240
0.208743
0.106041
0.281573
0.250757
0.139438
0.127731
0.377789
0.327065
0.331283
0.163930
0.304313
0.412392
0.505922
0.191873
0.266846
0.291339
0.197894
0.194381
0.676557
0.277151
0.236039
0.286584
0.137994
0.215994
0.219988
0.122136
0.486891
0.378792
0.239921
0.218310
0.302231
0.443825
0.070772
0.314935
0.497275
0.234572
0.267468
0.422722
0.219584
0.078593
0.211731
0.229820
0.342447
0.299534
0.159751
0.146133
0.204519
0.296891
0.165070
0.226423
0.170323
0.350148
0.078927
0.365714
0.121876
0.532515
0.232229
0.419135
0.215814
0.119978
0.561915
0.187341
0.119245
0.184360
0.211014
0.200407
0.271690
0.170218
0.390107
0.193481
0.210079
0.362404
0.139939
0.238589
0.245367
0.257257
0.214696
0.248758
0.116489
0.266696
0.617309
0.228544
0.328856
0.183394
0.145906
0.272642
0.292202
0.549417
0.118385
0.108524
0.150518
0.262099
0.311432
0.205484
0.081978
0.233326
0.128133
0.390475
0.229696
0.185043
0.390654
0.354572
0.122980
0.173070
0.180028
0.207969
0.144645
0.213841
0.396221
0.236344
0.266058
0.270778
0.563033
0.397666
0.222572
0.055828
0.138935
0.667159
0.127806
0.134345
0.210113
0.268744
0.263321
0.143282
0.441666
0.243629
0.197160
0.402947
0.102746
0.198336
0.230286
0.221688
0.263439
0.250313
0.145845
0.278039
0.250335
0.127567
0.366802
0.185541
0.320880
0.550055
0.296829
0.532905
0.185654
0.206265
0.193440
0.238830
0.240425
0.334563
0.472559
0.156003
0.276982
0.312367
0.466302
0.293890
0.178227
0.369598
0.191980
0.132248
0.047919
0.141566
0.220095
0.138161
0.208786
0.083234
0.144967
0.170251
0.235874
0.264035
0.087689
0.218944
0.147235
0.201996
0.310418
0.467978
0.248241
0.319333
0.227132
0.300987
0.191692
0.111527
0.461578
0.738586
0.285570
0.219559
0.086369
0.321087
0.372772
0.091451
0.349601
0.127584
0.295779
0.144328
0.697960
0.208641
0.129388
0.419842
0.122090
0.568361
0.175917
0.154828
0.222533
0.326594
0.234260
0.160052
0.241788
0.351879
0.190886
0.464231
0.236355
0.102894
0.264023
0.443976
0.491007
0.164906
0.122386
0.246735
0.237148
0.308572
0.230695
0.171386
0.098351
0.410245
0.305008
0.067397
0.206157
0.241688
0.306925
0.328385
0.256006
0.178498
0.263054
0.386004
0.190634
0.260879
0.195620
0.424893
0.177533
0.124435
0.299895
0.579969
0.203329
0.190635
0.337735
0.182736
0.147136
0.255281
0.135583
0.164308
0.407003
0.402315
0.204359
0.093788
0.231982
0.215898
0.203049
0.185020
0.675467
0.651262
0.363852
0.190486
0.515653
0.431994
0.237862
0.265544
0.410396
0.264895
0.192927
0.278719
0.127083
0.202436
0.222992
0.290651
0.274261
0.196255
0.401895
0.201243
0.390097
0.151173
0.328152
0.307034
0.418541
0.212718
0.387581
0.276788
0.335468
0.289020
0.192693
0.199337
0.111758
0.183396
0.249103
0.332829
0.094265
0.207470
0.098924
0.185248
0.112911
0.152749
0.238782
0.169302
0.115026
0.401128
0.344698
0.247771
0.152919
0.123061
0.158516
0.185713
0.341966
0.609246
0.305424
0.056554
0.157825
0.143552
0.126228
0.213968
0.312411
0.176789
0.247846
0.255414
0.306334
0.157067
0.223499
0.216242
0.116769
0.073841
0.131557
0.179329
0.622623
0.260403
0.243327
0.319062
0.296113
0.238372
0.315944
0.180373
0.238519
0.250204
0.260338
0.231779
0.079079
0.338226
0.244358
0.150930
0.182571
0.396485
0.305291
0.434046
0.282191
0.396899
0.241940
0.217667
0.231511
0.048393
0.261010
0.057255
0.177187
0.229468
0.140038
0.260911
0.254544
0.115645
0.274949
0.418614
0.257914
0.436393
0.089643
0.174720
0.121347
0.261843
0.083225
0.469576
0.235194
0.315778
0.343746
0.123011
0.339239
0.221647
0.069383
0.271182
0.195916
0.173192
0.192036
0.242594
0.105188
0.219489
0.257998
0.261094
0.204289
0.222358
0.167286
0.431316
0.185159
0.163381
0.129168
0.149985
0.417255
0.276911
0.225056
0.315588
0.103895
0.250693
0.298401
0.175281
0.176985
0.108378
0.091538
0.190917
0.215085
0.288907
0.175594
0.387157
0.513291
0.106386
0.142825
0.302434
0.094058
0.233444
0.175903
0.316445
0.647097
0.296892
0.155734
0.292790
0.567468
0.537049
0.216147
0.123679
0.696521
0.165748
0.274457
0.230281
0.380265
0.138739
0.126780
0.252735
0.357910
0.143799
0.168962
0.153047
0.260538
0.284504
0.515702
0.079614
0.236566
0.056154
0.212857
0.218977
0.233080
0.269552
0.342259
0.135142
0.074120
0.760886
0.142121
0.279953
0.233830
0.288112
0.254867
0.250921
0.401647
0.274538
0.231098
0.233290
0.103209
0.211167
0.223942
0.174560
0.187920
0.233101
0.241559
0.223446
0.207382
0.361865
0.265692
0.240081
0.408111
0.258594
0.189352
0.088392
0.138051
0.239402
0.204793
0.131523
0.369420
0.264170
0.269849
0.213214
0.069825
0.136672
0.187018
0.346630
0.213786
0.395018
0.194936
0.189465
0.291470
0.215058
0.140267
0.549095
0.223403
0.214289
0.198703
0.155348
0.326597
0.345622
0.214616
0.126289
0.322573
0.153073
0.215681
0.238594
0.253074
0.240631
0.091053
0.329788
0.096178
0.301145
0.388041
0.324357
0.231337
0.386713
0.413873
0.748552
0.198002
0.250554
0.280378
0.182539
0.237999
0.102580
0.125756
0.308073
0.474619
0.090823
0.117998
0.172375
0.489175
0.257288
0.339066
0.239188
0.152535
0.550546
0.539390
0.138830
0.213315
0.123634
0.183838
0.280087
0.191611
0.369436
0.221904
0.199698
0.540445
0.395543
0.157673
0.377609
0.323023
0.119540
0.150509
0.206327
0.196418
0.185338
0.193918
0.464230
0.185356
0.221386
0.375789
0.405612
0.506086
0.456312
0.304803
0.379325
0.116647
0.149831
0.219018
0.211181
0.365245
0.389721
0.358369
0.360900
0.131111
0.391469
0.101798
0.418543
0.493751
0.346294
0.206735
0.209641
0.200055
0.319373
0.316815
0.396094
0.198495
0.087937
0.317570
0.215659
0.170820
0.353773
0.424882
0.315871
0.282526
0.220881
0.178076
0.197815
0.209369
0.265685
0.307768
0.240028
0.250838
0.271453
0.201191
0.456910
0.201591
0.101146
0.194481
0.167624
0.165421
0.477178
0.185085
0.480237
0.163741
0.414463
0.301358
0.871408
0.432956
0.408513
0.197269
0.435653
0.033499
0.379040
0.248248
0.088365
0.238015
0.282461
0.166030
0.148010
0.133982
0.151928
0.286211
0.247638
0.268905
0.245512
0.479937
0.188411
0.659187
0.389014
0.333817
0.196865
0.130658
0.147332
0.057213
0.196974
0.276080
0.300505
0.493766
0.153758
0.219006
0.181733
0.245453
0.304415
0.133800
0.145700
0.129939
0.302615
0.263719
0.268756
0.251565
0.182920
0.285390
0.231215
0.220878
0.141142
0.229547
0.070533
0.230062
0.243449
0.355072
0.155936
0.198800
0.269033
0.269302
0.237403
0.075995
0.078888
0.269487
0.293479
0.271706
0.186215
0.432658
0.274764
0.252960
0.062069
0.394185
0.042259
0.312453
0.418927
0.152067
0.120130
0.424716
0.293365
0.255482
0.121259
0.081985
0.316887
0.678131
0.346197
0.275243
0.216289
0.243222
0.346502
0.340369
0.159534
0.193899
0.175229
0.247509
0.473003
0.205278
0.370262
0.217412
0.234070
0.304178
0.403406
0.158457
0.255936
0.125403
0.168657
0.193715
0.268770
0.143467
0.328147
0.239607
0.441729
0.173511
0.190008
0.159624
0.200178
0.359456
0.260468
0.213281
0.198474
0.151788
0.176187
0.560523
0.236755
0.451266
0.120142
0.179471
0.228781
0.118270
0.242382
0.267094
0.199306
0.319907
0.179022
0.175102
0.435070
0.197201
0.313618
0.305932
0.312218
0.138153
0.209570
0.222080
0.213236
0.176626
0.065594
0.060794
0.453878
0.525793
0.588344
0.373132
0.228033
0.425657
0.214507
0.448975
0.185358
0.261767
0.324996
0.143089
0.167512
0.169175
0.244791
0.309905
0.244380
0.359891
0.121280
0.286100
0.190563
0.177829
0.114314
0.351665
0.103643
0.511841
0.151649
0.243549
0.158635
0.303824
0.481445
0.193404
0.197485
0.232394
0.397654
0.150992
0.351972
0.129711
0.136858
0.187103
0.472896
0.114183
0.206845
0.238030
0.148453
0.271702
0.274929
0.128488
0.068248
0.359403
0.137218
0.249285
0.187154
0.082789
0.206284
0.106809
0.344262
0.126666
0.279264
0.431782
0.489732
0.172112
0.245251
0.100648
0.269116
0.377047
0.518785
0.127978
0.218403
0.285893
0.149511
0.138468
0.187470
0.107907
0.112797
0.421884
0.160613
0.502371
0.235474
0.225321
0.155186
0.239349
0.285024
0.183217
0.201826
0.535582
0.171947
0.294868
0.177170
0.271055
0.283107
0.581324
0.133831
0.176501
0.167289
0.292050
0.262339
0.146744
0.214079
0.386014
0.195142
0.396664
0.286672
0.338697
0.161800
0.169861
0.222479
0.123138
0.371107
0.212733
0.683828
0.223633
0.144340
0.208339
0.347131
0.335996
0.268541
0.403384
0.355588
0.081900
0.184183
0.159719
0.270300
0.193620
0.185663
0.058403
0.348340
0.308458
0.145218
0.245865
0.203406
0.197730
0.196769
0.289578
0.258374
0.171707
0.199364
0.276744
0.386174
0.644765
0.193378
0.259046
0.197493
0.360119
0.165533
0.491939
0.346905
0.157530
0.233674
0.282377
0.159452
0.243585
0.128531
0.232993
0.211023
0.173494
0.236556
0.089413
0.189735
0.205813
0.478944
0.176627
0.257445
0.129270
0.163036
0.229993
0.300381
0.129930
0.087918
0.266497
0.083177
0.300312
0.262896
0.175913
0.320255
0.127494
0.263759
0.193984
0.089844
0.310663
0.172035
0.162655
0.372918
0.100518
0.190993
0.257801
0.154528
0.225166
0.472753
0.132611
0.337551
0.369987
0.246439
0.283445
0.178374
0.118774
0.209311
0.268976
0.161078
0.167624
0.233999
0.108250
0.186374
0.314745
0.285474
0.387675
0.262887
0.156542
0.291837
0.152262
0.487880
0.267192
0.160795
0.271007
0.156049
0.420658
0.163930
0.107366
0.516237
0.213804
0.328521
0.276055
0.176403
0.094004
0.175633
0.166010
0.311043
0.072174
0.089424
0.240096
0.245846
0.249014
0.082448
0.191864
0.226270
0.332116
0.351006
0.191181
0.226238
0.221924
0.182839
0.290218
0.265106
0.196141
0.576784
0.164314
0.109969
0.220875
0.152291
0.379055
0.154243
0.216359
0.152135
0.109016
0.468425
0.081647
0.334440
0.161372
0.128879
0.071510
0.140926
0.334538
0.294252
0.289963
0.255469
0.158807
0.167431
0.472971
0.162779
0.157296
0.191666
0.591537
0.230344
0.251789
0.237799
0.331489
0.139984
0.241491
0.463867
0.327391
0.281786
0.116156
0.326773
0.319363
0.165097
0.281735
0.144458
0.380446
0.528837
0.249330
0.397241
0.129611
0.312410
0.079338
0.397185
0.257786
0.267821
0.133187
0.214900
0.225512
0.177717
0.247246
0.142009
0.173179
0.212527
0.288236
0.236771
0.366661
0.136150
0.215349
0.236036
0.299126
0.300252
0.395983
0.279145
0.198604
0.338471
0.199784
0.406656
0.334443
0.246428
0.340540
0.273433
0.295643
0.293082
0.102316
0.266442
0.174521
0.523215
0.098893
0.297979
0.140288
0.176381
0.173219
0.429834
0.149044
0.221783
0.370638
0.213250
0.308310
0.124887
0.297679
0.186571
0.260331
0.335754
0.328244
0.208442
0.153039
0.132501
0.461638
0.232071
0.216493
0.234948
0.141105
0.202592
0.056791
0.214904
0.163437
0.213127
0.444167
0.411084
0.525916
0.180208
0.257331
0.584900
0.129515
0.274650
0.264865
0.225522
0.295562
0.164995
0.356593
0.320400
0.168890
0.191811
0.233111
0.205569
0.160433
0.191480
0.216812
0.198331
0.134198
0.184782
0.170582
0.285676
0.423515
0.271586
0.201533
0.062256
0.341260
0.168594
0.248469
0.278266
0.224976
0.202072
0.389320
0.295993
0.093691
0.230493
0.437016
0.373003
0.422246
0.139620
0.309480
0.171968
0.373304
0.374234
0.098108
0.318222
0.111673
0.185802
0.184907
0.152599
0.165133
0.101055
0.250721
0.249380
0.209753
0.355131
0.259798
0.145487
0.309114
0.172612
0.095845
0.268008
0.108787
0.111630
0.294366
0.146416
0.180146
0.120000
0.423805
0.535449
0.371080
0.247812
0.260273
0.188264
0.153341
0.328751
0.314154
0.352357
0.217758
0.334458
0.314915
0.352503
0.142392
0.150468
0.410576
0.135462
0.170953
0.254325
0.524929
0.206160
0.183767
0.233535
0.258000
0.250380
0.245290
0.186168
0.154462
0.275854
0.265502
0.281314
0.254247
0.131005
0.269924
0.176512
0.327226
0.277708
0.447423
0.278531
0.097602
0.197866
0.235434
0.152827
0.091675
0.376320
0.184707
0.142331
0.223351
0.126544
0.307309
0.192863
0.237806
0.184288
0.112340
0.190488
0.309173
0.246718
0.190006
0.325510
0.190444
0.385721
0.256856
0.149166
0.267933
0.116571
0.251847
0.195919
0.127174
0.294544
0.147065
0.154278
0.345408
0.205569
0.276658
0.267302
0.136080
0.197920
0.318289
0.275929
0.315536
0.266668
0.347873
0.141410
0.551223
0.641054
0.450387
0.561149
0.266383
0.301032
0.135189
0.140691
0.438265
0.196184
0.337905
0.119583
0.423026
0.485700
0.268219
0.122916
0.160199
0.372843
0.059115
0.268950
0.351601
0.331567
0.392950
0.065820
0.221792
0.167355
0.201232
0.337277
0.211980
0.210649
0.202308
0.284454
0.308780
0.272496
0.349319
0.407599
0.501718
0.213039
0.211947
0.202170
0.214821
0.494954
0.428446
0.274972
0.133939
0.177152
0.340374
0.352195
0.393662
0.393788
0.183804
0.136756
0.320947
0.350269
0.350746
0.211074
0.413359
0.176525
0.251569
0.112472
0.517788
0.281131
0.277659
0.138793
0.162302
0.171759
0.187251
0.326464
0.489069
0.150369
0.276177
0.245774
0.207739
0.159512
0.451971
0.174646
0.557951
0.133675
0.234403
0.398669
0.531108
0.325101
0.280577
0.213201
0.222359
0.408378
0.123696
0.106939
0.263482
0.263592
0.270431
0.469501
0.426063
0.138620
0.093644
0.190677
0.429339
0.286924
0.283853
0.211871
0.365577
0.191573
0.231483
0.101757
0.094102
0.131159
0.268927
0.291712
0.191581
0.231702
0.102062
0.148974
0.137899
0.385813
0.214870
0.097428
0.365539
0.272793
0.156222
0.404645
0.160649
0.149487
0.290572
0.182211
0.351550
0.481716
0.440486
0.402836
0.189120
0.101665
0.293183
0.243272
0.308503
0.183703
0.240482
0.176221
0.144281
0.274979
0.092511
0.275077
0.149131
0.518821
0.200898
0.270876
0.276971
0.118573
0.348352
0.188260
0.345676
0.156394
0.392456
0.314851
0.189787
0.284311
0.093453
0.191755
0.375341
0.279047
0.246136
0.234555
0.107675
0.246133
0.179536
0.067528
0.068966
0.251245
0.089289
0.325215
0.351503
0.417429
0.064025
0.413653
0.148842
0.204880
0.192265
0.250972
0.159581
0.209913
0.134299
0.481169
0.163452
0.220018
0.133716
0.249364
0.249570
0.164249
0.359366
0.158083
0.228345
0.278921
0.122195
0.274712
0.115214
0.287735
0.124448
0.258992
0.142444
0.187191
0.283308
0.158319
0.325994
0.156701
0.179979
0.206259
0.212475
0.169423
0.520387
0.305934
0.164570
0.217151
0.232200
0.292734
0.207276
0.349016
0.095149
0.082990
0.149731
0.300397
0.205487
0.113682
0.233700
0.071366
0.345575
0.317505
0.278803
0.277021
0.284378
0.198311
0.148904
0.244622
0.331375
0.115652
0.474244
0.321979
0.214480
0.360760
0.252362
0.185895
0.536300
0.248641
0.163707
0.158385
0.368255
0.058464
0.171953
0.351259
0.224775
0.212860
0.077746
0.435983
0.269944
0.196100
0.151775
0.353194
0.197027
0.334114
0.242745
0.117516
0.258196
0.194503
0.336253
0.222957
0.327406
0.148284
0.306667
0.394372
0.489287
0.459029
0.152352
0.143437
0.257260
0.308937
0.176729
0.176875
0.360200
0.312054
0.140292
0.352014
0.194387
0.161953
0.411200
0.169466
0.131946
0.199243
0.082552
0.423240
0.464468
0.304983
0.305579
0.307087
0.472883
0.224928
0.049838
0.133376
0.379106
0.150070
0.238260
0.300453
0.236995
0.373010
0.136896
0.130751
0.146601
0.282078
0.411115
0.203056
0.294366
0.096178
0.212477
0.379934
0.206452
0.263104
0.245582
0.187517
0.075885
0.370696
0.296639
0.492390
0.272145
0.377811
0.195596
0.261568
0.268387
0.156495
0.226534
0.130055
0.322219
0.150627
0.251719
0.200691
0.116779
0.130666
0.125400
0.174281
0.369430
0.250853
0.115827
0.289305
0.185088
0.365918
0.281939
0.303484
0.265283
0.249400
0.169374
0.174058
0.200522
0.210188
0.116826
0.264191
0.224688
0.340401
0.288484
0.135785
0.304397
0.387700
0.527899
0.102263
0.149449
0.491063
0.169044
0.339397
0.155382
0.536265
0.188899
0.195302
0.163430
0.215873
0.189074
0.220245
0.320429
0.145684
0.611474
0.124669
0.221635
0.282468
0.516187
0.210409
0.408986
0.243814
0.113564
0.233386
0.304290
0.196165
0.182767
0.090556
0.233998
0.178770
0.470663
0.346757
0.249991
0.209609
0.291921
0.186533
0.302001
0.219204
0.171536
0.197297
0.162832
0.129977
0.251391
0.230905
0.295895
0.630070
0.328296
0.121311
0.300176
0.388063
0.406988
0.230241
0.254381
0.188536
0.178808
0.462761
0.130633
0.198926
0.174653
0.202049
0.208518
0.252949
0.186640
0.386067
0.177724
0.260011
0.204631
0.192055
0.276970
0.187552
0.191532
0.251372
0.254580
0.189387
0.260307
0.205454
0.175672
0.275161
0.163635
0.178047
0.309690
0.280264
0.209436
0.211128
0.198309
0.263393
0.406673
0.273934
0.210951
0.234361
0.258935
0.147442
0.150205
0.173131
0.117496
0.388785
0.321538
0.204940
0.123530
0.217975
0.239738
0.200893
0.245091
0.185850
0.140815
0.098821
0.201006
0.371946
0.310717
0.318867
0.299627
0.232217
0.306068
0.186293
0.060135
0.299889
0.154364
0.181963
0.332176
0.241534
0.236803
0.246696
0.110765
0.200554
0.100531
0.303882
0.186349
0.136760
0.137948
0.091528
0.375374
0.298415
0.409372
0.132626
0.296525
0.139747
0.226954
0.243105
0.318903
0.201070
0.158880
0.085284
0.430047
0.220505
0.291913
0.346146
0.459717
0.192216
0.178386
0.192217
0.362031
0.228859
0.122626
0.108170
0.085260
0.222434
0.231438
0.359015
0.146298
0.178786
0.093470
0.658857
0.313052
0.292304
0.147380
0.292458
0.332247
0.204554
0.290740
0.196414
0.283980
0.255570
0.428450
0.277271
0.313649
0.366069
0.214893
0.142661
0.227278
0.122657
0.336561
0.343296
0.246272
0.352108
0.309179
0.329316
0.213020
0.186380
0.209918
0.127870
0.347583
0.260607
0.157264
0.113203
0.132666
0.128809
0.145568
0.148449
0.253897
0.224117
0.214295
0.222411
0.147050
0.256302
0.164511
0.129096
0.128618
0.330417
0.323631
0.417015
0.261445
0.184982
0.200869
0.330062
0.324140
0.148233
0.016771
0.185496
0.171544
0.337116
0.225592
0.154461
0.356611
0.195698
0.182055
0.374306
0.188923
0.419493
0.425217
0.354133
0.052770
0.097057
0.256395
0.213025
0.228282
0.282203
0.277279
0.658852
0.069458
0.249152
0.344478
0.282018
0.493257
0.315813
0.547932
0.341058
0.140311
0.112818
0.228957
0.226213
0.144758
0.388922
0.297748
0.216196
0.162711
0.215734
0.150077
0.170507
0.124716
0.067555
0.170050
0.294868
0.252481
0.213676
0.167035
0.246992
0.139484
0.217134
0.207417
0.120509
0.194776
0.171076
0.123453
0.506782
0.108256
0.190361
0.224323
0.288194
0.135299
0.460426
0.179049
0.104043
0.621490
0.224322
0.129755
0.250317
0.484282
0.171340
0.159542
0.148246
0.119387
0.229910
0.156255
0.288182
0.405658
0.128172
0.295295
0.354034
0.163419
0.263123
0.512457
0.392245
0.257364
0.188518
0.325503
0.077067
0.201062
0.149824
0.474171
0.368437
0.342432
0.229176
0.344621
0.364209
0.401782
0.187393
0.151359
0.318164
0.322035
0.140900
0.327706
0.110102
0.363328
0.162928
0.371226
0.344552
0.286493
0.427442
0.178605
0.183885
0.190154
0.345413
0.268276
0.231851
0.234292
0.330859
0.329161
0.275436
0.430932
0.164282
0.449672
0.183125
0.165935
0.188345
0.355897
0.215627
0.456271
0.254796
0.080532
0.197011
0.205342
0.549679
0.228136
0.328508
0.092231
0.087388
0.325543
0.236318
0.242390
0.098837
0.185278
0.351105
0.293278
0.111830
0.193253
0.092093
0.343788
0.655270
0.372542
0.403891
0.239852
0.145818
0.190650
0.124308
0.117462
0.193586
0.128736
0.134096
0.170930
0.280291
0.143149
0.114306
0.142201
0.124883
0.265223
0.314437
0.374426
0.093688
0.344205
0.284796
0.194377
0.333972
0.129964
0.345086
0.239820
0.146538
0.121702
0.207529
0.360549
0.492203
0.244362
0.319989
0.200715
0.173304
0.195550
0.375604
0.124376
0.312329
0.158276
0.414399
0.206836
0.264729
0.472835
0.096003
0.255224
0.345268
0.145862
0.210856
0.243136
0.441985
0.149612
0.546410
0.139540
0.334679
0.224668
0.213738
0.333724
0.327890
0.250626
0.178896
0.320441
0.552076
0.142834
0.079348
0.254961
0.212944
0.267606
0.287714
0.351615
0.283667
0.085469
0.367533
0.239063
0.065697
0.130066
0.327328
0.299927
0.201873
0.232094
0.073896
0.129386
0.058884
0.264257
0.319478
0.266977
0.660665
0.325295
0.231110
0.278396
0.398205
0.190828
0.149102
0.489151
0.269313
0.162562
0.160013
0.317831
0.265080
0.387660
0.157947
0.318612
0.164393
0.213756
0.272379
0.259194
0.277729
0.480771
0.222458
0.187077
0.130114
0.190697
0.391230
0.325270
0.259035
0.074869
0.455335
0.284919
0.395121
0.481063
0.326611
0.189564
0.463383
0.170465
0.219319
0.150654
0.402594
0.311505
0.229088
0.327212
0.405593
0.305615
0.207639
0.138315
0.206382
0.314742
0.115959
0.219133
0.085531
0.132760
0.325978
0.382289
0.339805
0.106714
0.208243
0.202972
0.122974
0.066897
0.408698
0.247362
0.320460
0.373973
0.261476
0.225806
0.130518
0.149261
0.244765
0.143184
0.334112
0.162801
0.124571
0.389311
0.179422
0.172432
0.244620
0.230852
0.131779
0.105969
0.392116
0.282211
0.206026
0.258798
0.255699
0.189017
0.077808
0.208600
0.076439
0.148480
0.183755
0.193785
0.459144
0.189928
0.392812
0.153157
0.294768
0.137532
0.094712
0.283344
0.537965
0.184456
0.082050
0.158564
0.179345
0.281333
0.112814
0.312942
0.189203
0.211586
0.281938
0.144887
0.337352
0.421190
0.129947
0.124860
0.169605
0.424506
0.327573
0.202083
0.100485
0.237562
0.143582
0.164487
0.258152
0.280203
0.190667
0.218930
0.249964
0.148866
0.229431
0.416620
0.216522
0.230877
0.076875
0.261403
0.186246
0.114052
0.222533
0.368135
0.199041
0.351573
0.316703
0.147368
0.117723
0.478892
0.275328
0.194519
0.199567
0.580061
0.098144
0.234939
0.222071
0.222148
0.179689
0.191105
0.141669
0.170664
0.373926
0.206801
0.338713
0.231810
0.221671
0.334954
0.145625
0.241341
0.158153
0.081269
0.316673
0.213213
0.168128
0.429385
0.272499
0.243779
0.453894
0.261684
0.351199
0.322145
0.262423
0.168993
0.059014
0.175501
0.210106
0.186437
0.155509
0.337167
0.251169
0.455407
0.157605
0.282304
0.154998
0.245722
0.188371
0.369969
0.254553
0.052255
0.123617
0.381839
0.127262
0.067339
0.363630
0.262964
0.249564
0.181935
0.492920
0.278596
0.302171
0.433246
0.464578
0.361279
0.288395
0.254019
0.158064
0.325574
0.181300
0.144512
0.326799
0.315828
0.200742
0.246461
0.204534
0.305802
0.226554
0.692473
0.368304
0.163917
0.339340
0.133839
0.307719
0.220363
0.278190
0.229306
0.310580
0.193679
0.285075
0.403967
0.287815
0.051802
0.522119
0.313883
0.132282
0.235177
0.651094
0.159719
0.288129
0.127375
0.228654
0.185641
0.232193
0.244940
0.089105
0.079300
0.211396
0.128544
0.173790
0.366201
0.293750
0.421598
0.171298
0.256881
0.224739
0.126212
0.194552
0.123014
0.326592
0.217582
0.103960
0.308868
0.088744
0.066251
0.182179
0.182740
0.175711
0.296355
0.240413
0.314101
0.250658
0.212071
0.289014
0.239865
0.244040
0.180384
0.374381
0.081989
0.397583
0.081178
0.507776
0.230408
0.315145
0.303390
0.127613
0.207368
0.143428
0.116761
0.433466
0.132250
0.378097
0.629615
0.048210
0.116422
0.312438
0.220679
0.209271
0.348448
0.199462
0.056663
0.289855
0.146616
0.121739
0.333945
0.183511
0.420401
0.295285
0.245040
0.260591
0.229452
0.218298
0.555984
0.075382
0.207777
0.163490
0.182350
0.249840
0.217189
0.185272
0.570414
0.346209
0.203148
0.586313
0.375245
0.396492
0.134799
0.286367
0.341178
0.147494
0.327602
0.154030
0.359629
0.207413
0.166611
0.319336
0.119691
0.185447
0.178732
0.371954
0.095585
0.673196
0.141049
0.222017
0.295261
0.326859
0.183089
0.247114
0.111333
0.115154
0.323760
0.273219
0.279529
0.122969
0.421510
0.164681
0.233865
0.252752
0.502251
0.329413
0.226180
0.540397
0.166562
0.450639
0.267538
0.289189
0.116225
0.059487
0.444513
0.129093
0.394877
0.360756
0.513369
0.097482
0.095940
0.266607
0.207953
0.437299
0.185801
0.402283
0.304756
0.182706
0.241596
0.249836
0.321275
0.356394
0.321024
0.244952
0.552018
0.185841
0.197248
0.127653
0.209852
0.552449
0.241726
0.304598
0.210096
0.189757
0.238173
0.147679
0.124129
0.311524
0.153162
0.243850
0.364379
0.358001
0.201178
0.298449
0.190501
0.126045
0.230885
0.575162
0.368770
0.263603
0.267776
0.241405
0.238171
0.133390
0.116041
0.192447
0.397158
0.063508
0.149369
0.293868
0.302857
0.329003
0.410452
0.187039
0.304718
0.228496
0.195557
0.383535
0.238407
0.141839
0.089918
0.265993
0.080968
0.284073
0.265632
0.569027
0.160997
0.107880
0.207574
0.114575
0.257301
0.256122
0.179955
0.127024
0.078169
0.223595
0.310851
0.206370
0.296676
0.376616
0.195422
0.203278
0.241939
0.506358
0.226668
0.290964
0.379919
0.318346
0.110702
0.322725
0.417405
0.169092
0.156585
0.123354
0.152796
0.169413
0.410021
0.308616
0.163589
0.313916
0.190652
0.564300
0.152350
0.208254
0.251131
0.164358
0.132617
0.139207
0.123559
0.193547
0.377104
0.113777
0.249865
0.359720
0.278070
0.152411
0.372142
0.245764
0.184098
0.163092
0.256667
0.347841
0.325815
0.380110
0.302474
0.162324
0.122984
0.262238
0.143316
0.497099
0.282334
0.103381
0.116317
0.304533
0.193455
0.096144
0.402177
0.052473
0.049007
0.150615
0.337084
0.438545
0.142529
0.565978
0.121285
0.515754
0.164472
0.456884
0.089994
0.311547
0.193488
0.302176
0.391375
0.298849
0.190722
0.248132
0.205742
0.284506
0.283019
0.165931
0.165127
0.269069
0.151933
0.344992
0.258374
0.364874
0.158238
0.271361
0.377022
0.141618
0.119075
0.181114
0.336644
0.202846
0.186812
0.331023
0.154211
0.289199
0.161003
0.134300
0.259701
0.155449
0.167856
0.267057
0.091204
0.151264
0.377926
0.440618
0.133588
0.273371
0.315760
0.322245
0.396778
0.407947
0.305124
0.180524
0.086153
0.270881
0.505139
0.252543
0.369781
0.201147
0.223037
0.347700
0.261352
0.093743
0.202349
0.199742
0.216996
0.188458
0.117766
0.121262
0.099008
0.049063
0.337918
0.071573
0.365036
0.376030
0.222759
0.279939
0.290330
0.128757
0.268577
0.267939
0.222109
0.161665
0.364330
0.212131
0.050051
0.102005
0.233067
0.124211
0.349028
0.517865
0.273368
0.185144
0.151638
0.121952
0.154949
0.258344
0.335804
0.168668
0.046664
0.142609
0.137044
0.286766
0.124893
0.155035
0.174210
0.243753
0.173885
0.327114
0.089585
0.088420
0.393573
0.209353
0.172843
0.261942
0.277357
0.327247
0.282831
0.194169
0.142300
0.309334
0.174219
0.267298
0.195388
0.396687
0.238039
0.211554
0.186572
0.630223
0.554855
0.366816
0.134852
0.294756
0.191519
0.263614
0.513573
0.339312
0.576476
0.406912
0.163019
0.242753
0.512502
0.420239
0.251684
0.176134
0.226435
0.220926
0.100327
0.131968
0.206056
0.162137
0.271711
0.121536
0.181293
0.109806
0.169626
0.306442
0.419051
0.242901
0.178339
0.169074
0.337176
0.090405
0.158811
0.322868
0.085602
0.281280
0.253956
0.260747
0.151202
0.336555
0.194480
0.175342
0.302001
0.118530
0.326589
0.105093
0.395239
0.355991
0.203690
0.183497
0.160742
0.110681
0.243994
0.295055
0.212109
0.143260
0.296912
0.256956
0.318949
0.288527
0.213762
0.213827
0.366536
0.375298
0.355925
0.237797
0.530686
0.256303
0.134314
0.363548
0.342501
0.222543
0.161298
0.262621
0.042671
0.405165
0.332014
0.286427
0.575880
0.343577
0.167859
0.231491
0.127441
0.296575
0.294069
0.333960
0.281314
0.383488
0.230461
0.136393
0.154035
0.198109
0.172228
0.115753
0.260949
0.331282
0.154539
0.212244
0.448344
0.123039
0.186913
0.123729
0.327679
0.158828
0.183438
0.226440
0.173266
0.447948
0.237633
0.137949
0.105287
0.245845
0.279788
0.692724
0.462716
0.249905
0.132309
0.119972
0.115472
0.225913
0.237447
0.346695
0.149799
0.207497
0.152081
0.213921
0.272800
0.594052
0.207681
0.203809
0.244073
0.365609
0.089870
0.407085
0.087516
0.219970
0.304874
0.255486
0.205700
0.301245
0.281416
0.191562
0.063903
0.146534
0.198967
0.191851
0.318197
0.146096
0.072038
0.396949
0.227297
0.225590
0.304236
0.493756
0.285507
0.428550
0.264785
0.199006
0.136547
0.109744
0.184200
0.233156
0.276232
0.379202
0.363091
0.323138
0.141495
0.231657
0.053775
0.205124
0.152114
0.308924
0.268531
0.117052
0.114437
0.345080
0.143872
0.454195
0.300988
0.119374
0.096979
0.305546
0.324051
0.196164
0.224692
0.246356
0.162919
0.264822
0.150455
0.219919
0.199299
0.181954
0.232810
0.148889
0.153723
0.215877
0.259431
0.319183
0.379783
0.165038
0.475478
0.224795
0.440632
0.439982
0.173597
0.217757
0.239964
0.131937
0.225438
0.322386
0.240080
0.175594
0.188045
0.253903
0.106915
0.247594
0.420041
0.115678
0.146120
0.162919
0.191728
0.241697
0.379111
0.198727
0.383874
0.175877
0.238946
0.165561
0.169710
0.461124
0.215021
0.173966
0.139810
0.164721
0.182801
0.177243
0.084482
0.228865
0.170354
0.225227
0.374866
0.128710
0.375512
0.252266
0.206701
0.285929
0.119145
0.165563
0.070971
0.474403
0.281410
0.181287
0.150412
0.277708
0.104055
0.278923
0.224619
0.506425
0.156620
0.288339
0.193128
0.296693
0.136328
0.260189
0.114420
0.286502
0.099215
0.245604
0.106719
0.203304
0.256531
0.320684
0.381143
0.397681
0.144320
0.316852
0.297475
0.241163
0.190546
0.267513
0.132022
0.103089
0.231331
0.401156
0.288515
0.240035
0.273906
0.101534
0.404325
0.093831
0.239498
0.382166
0.114997
0.166749
0.153269
0.103753
0.295658
0.533920
0.241681
0.140747
0.270662
0.188059
0.303081
0.218149
0.115855
0.144631
0.183863
0.205595
0.210474
0.259341
0.403888
0.322577
0.377920
0.263018
0.105711
0.391795
0.276944
0.261956
0.143437
0.229003
0.083329
0.032775
0.372778
0.321391
0.113999
0.284114
0.336124
0.209615
0.210598
0.216991
0.297146
0.234456
0.279690
0.297595
0.246053
0.326107
0.436957
0.206215
0.298040
0.230999
0.273351
0.311910
0.352500
0.182822
0.170658
0.115724
0.163457
0.266152
0.188244
0.259135
0.140488
0.149478
0.235266
0.179245
0.120818
0.251202
0.219435
0.184384
0.291647
0.232409
0.565263
0.172002
0.283469
0.221576
0.678709
0.192551
0.086973
0.383217
0.190828
0.199834
0.265848
0.452638
0.428335
0.112079
0.255107
0.332913
0.169518
0.372638
0.139900
0.358850
0.242244
0.201625
0.253123
0.245734
0.056668
0.202222
0.241948
0.458181
0.218603
0.281643
0.157580
0.287737
0.239677
0.148282
0.320496
0.078900
0.337410
0.303384
0.367181
0.104105
0.295167
0.050821
0.243669
0.109800
0.262310
0.103486
0.163733
0.241174
0.511910
0.160000
0.345619
0.287730
0.310606
0.269164
0.098730
0.230623
0.164322
0.270836
0.234529
0.151875
0.231287
0.162310
0.296212
0.251409
0.198043
0.229619
0.378374
0.192602
0.171794
0.438460
0.198658
0.127935
0.324964
0.100070
0.301813
0.176236
0.225354
0.150604
0.181737
0.279745
0.282154
0.336231
0.156882
0.281930
0.148468
0.274586
0.201823
0.173169
0.328711
0.163089
0.136906
0.505935
0.652880
0.545140
0.161519
0.090900
0.470973
0.273048
0.232021
0.107089
0.173145
0.274615
0.187205
0.168037
0.110393
0.184343
0.207783
0.238239
0.304363
0.225372
0.386718
0.495083
0.153082
0.143287
0.222112
0.219269
0.112134
0.378860
0.295150
0.137216
0.127994
0.438977
0.284909
0.203110
0.136279
0.451631
0.282909
0.154262
0.318970
0.282055
0.134504
0.227810
0.288602
0.291312
0.185770
0.231383
0.066418
0.419595
0.395497
0.183895
0.238558
0.283062
0.190506
0.189334
0.231253
0.145661
0.097417
0.180889
0.225698
0.205239
0.306969
0.258647
0.298024
0.228070
0.172675
0.253480
0.349787
0.172980
0.270349
0.338265
0.215606
0.221626
0.402998
0.268235
0.127035
0.385657
0.247920
0.385546
0.406063
0.308587
0.229064
0.562133
0.056873
0.199653
0.482268
0.228393
0.430290
0.147568
0.257067
0.162743
0.158301
0.275612
0.279465
0.380486
0.417231
0.275211
0.191277
0.248966
0.438566
0.280752
0.560544
0.377094
0.248674
0.147142
0.330813
0.334887
0.144664
0.226632
0.116885
0.197974
0.422160
0.305468
0.130038
0.147077
0.221448
0.283143
0.070049
0.249591
0.481763
0.079024
0.257810
0.328085
0.374160
0.213088
0.227964
0.325208
0.114773
0.251970
0.570575
0.183758
0.197105
0.260825
0.075547
0.219912
0.132488
0.271661
0.111517
0.204093
0.153221
0.234728
0.086476
0.189476
0.185756
0.177819
0.123650
0.251350
0.206564
0.155559
0.186344
0.255385
0.259494
0.219716
0.172674
0.217143
0.411713
0.208241
0.460997
0.082270
0.294920
0.253177
0.256412
0.110165
0.137746
0.327434
0.510207
0.365717
0.365922
0.154336
0.131793
0.728585
0.133185
0.171904
0.237846
0.182685
0.364493
0.151535
0.330685
0.249166
0.145458
0.275243
0.336119
0.182363
0.236309
0.146991
0.363641
0.351622
0.226898
0.112706
0.217750
0.307361
0.178973
0.328805
0.282870
0.293397
0.248469
0.182519
0.340189
0.218818
0.065720
0.169091
0.266458
0.326072
0.421656
0.515196
0.640864
0.136734
0.292181
0.196662
0.251383
0.121040
0.263703
0.319425
0.167460
0.282465
0.125020
0.341648
0.219711
0.338502
0.208718
0.340484
0.118629
0.365901
0.241231
0.409279
0.206054
0.185027
0.160306
0.299394
0.382336
0.232597
0.229408
0.148435
0.305790
0.179693
0.341725
0.324043
0.280717
0.186329
0.345254
0.130973
0.177662
0.270394
0.283842
0.167938
0.165894
0.358846
0.250934
0.137450
0.185372
0.198351
0.210798
0.373045
0.359854
0.143908
0.230427
0.309777
0.116316
0.299625
0.169750
0.212164
0.177784
0.360583
0.146871
0.176958
0.314990
0.074879
0.139819
0.267940
0.167864
0.657143
0.209547
0.166000
0.367027
0.252912
0.142183
0.191367
0.152774
0.421089
0.394246
0.647619
0.421772
0.341460
0.564322
0.215981
0.234428
0.300626
0.386757
0.264682
0.254869
0.237384
0.323408
0.258936
0.111298
0.409831
0.168266
0.136181
0.173527
0.285920
0.137233
0.298020
0.081268
0.394219
0.331400
0.420463
0.135821
0.209662
0.301651
0.270893
0.171326
0.470747
0.155866
0.209689
0.213350
0.274689
0.293819
0.454148
0.147539
0.341312
0.426608
0.209066
0.194847
0.075073
0.379500
0.185850
0.224094
0.162475
0.189666
0.520257
0.072518
0.221825
0.183992
0.300830
0.225869
0.324282
0.199905
0.119374
0.263388
0.346241
0.429007
0.251779
0.145028
0.088137
0.232051
0.290733
0.155199
0.179190
0.189275
0.117357
0.146775
0.309876
0.445334
0.221955
0.255368
0.262953
0.149036
0.309391
0.243642
0.202537
0.094628
0.119203
0.153780
0.198450
0.134466
0.237018
0.349841
0.334852
0.322285
0.431829
0.178420
0.219631
0.085626
0.293494
0.143856
0.247308
0.127850
0.118270
0.200184
0.344698
0.249070
0.331635
0.152640
0.155423
0.370735
0.401461
0.222205
0.170304
0.440695
0.241546
0.249732
0.228820
0.069254
0.488402
0.171117
0.228680
0.245268
0.204539
0.251613
0.302401
0.117587
0.321559
0.301621
0.288344
0.136699
0.325644
0.129910
0.326027
0.210774
0.171357
0.150980
0.291807
0.217664
0.312584
0.395109
0.074065
0.070361
0.226944
0.318900
0.456086
0.174892
0.345719
0.368451
0.236023
0.232534
0.156310
0.203702
0.157135
0.098742
0.219452
0.289556
0.225126
0.183458
0.289043
0.207630
0.207865
0.158958
0.293476
0.141974
0.239382
0.366294
0.276559
0.134932
0.384167
0.219475
0.407054
0.309497
0.184552
0.352331
0.295568
0.131522
0.327192
0.325096
0.302194
0.249393
0.291290
0.135157
0.363785
0.120594
0.137443
0.419248
0.139952
0.329717
0.327147
0.186995
0.307030
0.362971
0.416834
0.334460
0.234180
0.115504
0.160396
0.047535
0.190727
0.238539
0.194647
0.153329
0.471538
0.322583
0.271245
0.281751
0.509326
0.237574
0.170042
0.219996
0.089115
0.219145
0.319711
0.349687
0.198469
0.175598
0.133331
0.175052
0.352492
0.165815
0.363235
0.309103
0.128638
0.272351
0.201229
0.044505
0.142570
0.179968
0.343178
0.259928
0.510654
0.463943
0.524278
0.335826
0.222018
0.253493
0.193425
0.141471
0.293105
0.579212
0.166541
0.211716
0.209967
0.127638
0.233126
0.330600
0.137615
0.179934
0.230725
0.155713
0.352311
0.416670
0.295251
0.428282
0.360404
0.362801
0.755885
0.244354
0.224080
0.298262
0.354976
0.131525
0.198590
0.428089
0.114589
0.199692
0.138911
0.320646
0.247452
0.257186
0.436202
0.240586
0.181278
0.191651
0.258049
0.145091
0.133747
0.337334
0.247115
0.193418
0.342554
0.225534
0.131067
0.158893
0.373169
0.142860
0.249483
0.295776
0.153460
0.407140
0.135178
0.194497
0.313659
0.280445
0.378004
0.279217
0.163593
0.243742
0.229440
0.071421
0.097253
0.343477
0.181667
0.154569
0.112624
0.297507
0.528876
0.283309
0.288125
0.212509
0.159148
0.205889
0.219598
0.160798
0.265417
0.161414
0.356263
0.267261
0.332782
0.199936
0.090747
0.217157
0.088359
0.313029
0.503541
0.413719
0.565936
0.271235
0.258906
0.136810
0.634382
0.139694
0.436844
0.295003
0.160017
0.247191
0.119173
0.238671
0.178225
0.115000
0.334635
0.274768
0.223191
0.404509
0.276526
0.163539
0.539448
0.215465
0.278305
0.174514
0.391274
0.182295
0.443935
0.233377
0.644711
0.393211
0.228121
0.337337
0.365213
0.075884
0.276084
0.249260
0.189831
0.430764
0.189126
0.172033
0.397621
0.358089
0.436679
0.305861
0.388637
0.228056
0.066093
0.117359
0.312465
0.362173
0.223896
0.186456
0.297322
0.155847
0.466574
0.423197
0.206612
0.318925
0.461866
0.114354
0.428670
0.136338
0.241202
0.400986
0.371078
0.263484
0.187764
0.221306
0.232375
0.203291
0.170380
0.097934
0.198616
0.133494
0.221484
0.216695
0.044149
0.383700
0.170166
0.459474
0.119326
0.065963
0.196045
0.426193
0.175494
0.199069
0.136632
0.211734
0.416825
0.215319
0.338431
0.192130
0.519611
0.134993
0.249633
0.327009
0.275287
0.100885
0.169527
0.155300
0.242300
0.273136
0.298242
0.346502
0.337805
0.074854
0.202179
0.145623
0.383963
